5703
547856
425693
820647
186972
651848
523682
483848
159127
54678
240819
586093
502292
988278
75580
104716
27090
538595
766462
323135
368748
885251
865835
132510
654294
832237
403587
803322
664248
624450
607043
619723
172296
570558
978193
359268
760228
501865
380938
919355
94366
621758
505439
134480
610026
118841
777028
174939
657436
543480
498074
26174
428722
363899
696517
620838
733958
637926
424150
398196
262366
569015
17910
434662
139563
533925
331753
899791
573612
712691
356959
667978
334439
862398
340280
482288
519061
117298
657227
176487
660779
155291
740493
627323
57013
437000
248151
790971
74916
210123
189158
875114
779138
744900
309767
456523
278815
179342
356304
852427
429855
251085
58218
302117
113473
398498
784405
170356
515797
441622
346843
714398
134735
625159
341711
191748
62149
127684
982720
674898
337807
171868
550002
654767
454590
397591
111280
271227
114755
5406
661476
544611
256492
719694
846728
907797
656015
168945
78144
171802
148389
962819
886200
283124
587968
765733
474873
187940
431239
457583
862838
306868
167273
950662
961635
621863
886076
72905
430912
821
78311
92378
83254
872635
812073
929982
780423
468078
636749
396389
177702
785138
359198
601724
68253
947167
367447
543126
672929
336508
538531
73579
643376
705804
24231
605001
865489
910307
215728
296391
448951
831871
388769
532205
704497
738664
0
22732
744564
636749
419121
922266
959710
316141
523980
27953
801130
429249
108901
474049
765757
647432
547628
946955
891058
571860
551946
756537
19979
767674
52918
468930
599536
979519
538958
841855
718174
538958
864587
462728
175697
821530
384985
135397
137661
446787
701182
938792
413859
347905
412831
717438
533159
498282
664384
424207
70132
216320
180734
627943
521817
771484
634696
659175
750994
173644
501020
469158
712602
903429
469708
426121
724949
854693
99341
862610
839303
338345
339214
253152
686251
752046
970590
219400
250318
634964
181430
858282
389107
362164
24037
448746
671471
196555
107911
960287
370199
146753
429435
620623
50172
899143
584567
312943
291649
221730
713375
130942
560075
52580
921926
784148
342448
892506
3539
130588
65283
722801
526692
992222
622787
550729
440958
294248
747285
86691
254525
655306
771276
221782
275920
359270
658748
398309
672213
950397
620039
385578
619161
180104
975990
541077
502075
318428
971405
43436
449016
574510
766237
975708
566722
389014
64250
545502
683263
811535
632193
475610
466831
403459
697393
280573
762729
356131
678882
972764
844350
836743
896165
463501
16838
872145
542400
56735
190564
51617
100171
639580
626128
866408
153101
730672
255412
217351
276165
476497
566708
446180
952108
33529
849640
187313
851935
150181
543444
68629
660768
925616
905373
556923
926939
460033
429058
469329
516768
619622
58768
616939
797025
684896
483337
950126
415559
276571
705299
229546
753069
271997
675726
242989
843358
525356
430302
695283
213360
511568
301735
411950
437174
207098
968873
364103
204953
935753
371254
259543
93188
430022
876482
890213
652741
897641
378151
606122
712034
621272
835668
2915
893269
511384
245904
736617
574563
676206
969723
325745
725596
271448
737695
162760
16368
244380
64685
759153
180123
973771
18686
273311
941616
432990
701346
132169
330621
617319
738291
42645
238581
111771
45561
131840
623155
829297
868458
735540
43316
375993
599107
768912
185263
336792
469495
739463
581172
72002
498606
761296
45764
517292
572429
987380
950282
273766
119539
818725
891085
395652
399192
129657
507423
982585
799329
668400
811873
205599
941763
855189
581592
540860
161913
766855
415475
631408
506308
996647
703411
542736
295755
286997
60018
406007
274367
548122
679773
931738
904669
108670
865212
303852
776159
910457
286427
113301
116669
98290
318900
58422
491301
438315
137105
653215
742992
552580
284613
787123
87039
525846
329849
920627
812843
927700
326624
625032
13634
544219
94582
918304
190711
959794
222146
966871
408063
508573
80162
524733
144686
936894
120977
173809
375199
258082
827024
118182
348484
649460
905305
435524
713128
235144
356141
525962
700666
220587
688816
714301
764806
783399
632595
955517
281005
854741
460200
689069
901136
78184
751624
583644
15069
872601
295276
390268
668506
122290
46272
16980
309572
951577
990336
22691
724544
884299
86475
425200
642708
775291
677323
407504
558680
309908
900844
377508
702471
898866
604399
141420
977051
356013
262886
529942
766436
558162
920210
434932
680453
504305
989745
527847
455872
517893
550538
718238
940015
174835
681261
582713
950127
358574
528040
46619
668483
428874
424127
908776
865562
566348
50186
380425
922361
313073
910367
688788
871235
368390
661542
89500
872695
189099
155170
866389
706993
243530
584618
646998
418366
265869
229701
368483
624443
757741
952934
830748
724437
914884
739515
127812
481222
327523
508237
403574
178418
418595
630184
587476
324807
829548
214798
197492
18638
369968
601703
725631
613499
186311
910451
31855
990012
677974
938170
152268
973538
428916
983016
235787
343790
260343
363599
362835
125689
871837
304231
304107
828254
934415
891583
153051
763953
106372
888375
320413
14162
490068
583866
627661
214202
494307
197338
204204
710104
135498
894304
683632
102237
415133
919419
446027
675476
820841
808862
801165
692668
113083
643095
58734
585320
534668
749617
887096
178862
637982
207499
193025
665872
791366
358508
880074
823495
555847
622101
533589
229167
516395
755043
331404
931528
212275
315254
144817
33106
661938
483804
263596
775022
126889
322330
898164
199380
609769
785250
916074
247741
530572
646921
451435
859760
5420
869332
683245
561267
491423
754657
328256
545640
509690
659661
14981
721965
512737
159798
292893
174665
643602
556489
487509
308314
416641
385664
45516
26400
708736
961590
811973
777130
608502
263399
636880
151744
132721
857948
250833
161966
150417
579089
245428
660107
776572
260409
919895
289299
958039
212778
463965
139454
307090
489296
447768
723731
874960
31106
750132
121509
992696
562095
436461
139010
825494
73332
290754
496037
469102
541587
195825
619519
658499
441254
817448
435061
239485
275155
262183
197515
487934
263970
336969
795024
753266
322559
56567
166039
353665
806699
825380
346351
368785
261831
23184
732101
872995
851770
765961
342087
931180
961786
499428
589669
940862
316867
562552
718170
592022
824735
915685
617778
626527
252644
950624
379784
575203
7182
83645
466690
813881
909025
813041
720488
708678
374047
990412
581664
225808
756363
461573
156978
255961
961002
284469
734646
815691
847021
452806
407703
209569
368481
563304
373918
158947
513918
291524
271972
521100
375169
738662
872804
822016
89515
131104
530685
463563
121506
650171
227193
877869
649566
384171
671653
610558
206462
406289
426239
53473
859095
371765
800874
765398
935069
174783
462167
986809
466307
271961
45722
841477
548445
456348
201305
637960
587452
269812
639345
708959
919983
404360
586818
569540
326353
258461
717920
532815
202572
681982
586289
61657
591569
924985
364877
526628
99758
364866
51249
566066
636827
96971
945365
185262
553319
684492
361045
140762
954305
538212
387543
874278
480395
512183
981640
806748
308467
699551
339554
511039
381523
463665
110519
510914
388640
475396
37532
26221
378085
626613
130109
14902
261407
75464
737997
814726
759956
636864
493310
252073
712898
418675
126342
193283
930859
645804
22
239316
345345
877408
750355
264690
341063
398696
775604
267525
411915
350958
293746
790000
515394
423855
342724
776801
37141
618543
129339
797098
255397
622650
49161
506118
579147
713335
237223
509996
359130
237245
749312
242297
114643
37480
44810
993538
436176
820414
261054
848091
709195
554800
175903
224579
516478
518628
1370
553619
137161
130709
888539
930391
291181
475523
974331
870329
726680
211544
918147
85800
448790
205272
865930
101255
242752
910740
632616
216750
268966
431492
602664
515983
524114
778567
278384
40582
835017
279754
594202
510001
948296
20553
440382
777299
496076
952535
185440
222747
164069
103578
846379
150681
308850
250121
789769
89424
160851
422375
844006
967650
853867
446660
483623
915803
763050
762008
956386
598057
579584
88400
108048
65692
108953
86252
380814
142852
38777
104076
365599
740679
745486
749800
891360
592158
999922
681119
681582
698595
641316
63401
666235
32995
510061
687681
948799
273101
987511
905175
408981
104907
531397
54851
170600
640350
141104
89236
783202
717713
193312
686623
458382
476621
436414
349733
68769
974158
568674
288174
672743
209981
351575
876801
780808
399458
564472
729597
210382
551973
634762
619363
656880
166149
674214
365302
344322
353140
992370
665346
70844
723505
351960
67048
200116
326196
954613
806717
300344
523278
94881
510909
271081
984288
387700
51879
383737
952172
781477
594119
41957
954061
751304
236660
658033
425508
139784
540177
778649
132145
205513
387315
393472
95295
992195
593588
959323
946799
938127
797489
470067
32999
308389
278970
555109
696089
330849
476668
186074
650148
70777
765863
142022
822081
2513
800055
785412
680130
340222
101873
812275
83557
27010
205737
178853
19195
337147
138166
965994
275264
935656
973883
846095
781867
252843
939027
15768
121515
415685
739674
771663
486463
505528
913685
846366
45863
251552
169590
725993
129596
809295
76080
213154
836305
819649
929839
855501
156786
605827
359307
969883
79295
333181
353790
861162
123846
292807
414753
245361
708493
154417
554847
732778
197767
468522
116956
781463
257897
286547
45268
387493
95832
121349
138469
469960
478820
68298
863283
173429
211948
222580
143302
291243
93583
497092
690228
217430
789900
104971
613
36205
797220
555460
768983
532810
561805
885939
314263
819702
172476
359531
745017
806141
18702
883487
276091
497523
489607
139364
670952
701555
899776
352076
530621
993360
386990
220839
210780
176880
863642
211393
750917
660852
304676
519890
731484
866481
943652
45737
223995
653950
943101
969012
460081
961803
390311
273994
997148
879919
951190
668090
581464
850957
557988
112075
844307
944979
870746
592909
659681
734378
342124
410589
933053
646800
468301
664527
513271
411943
248087
737266
65884
191178
244091
525965
690803
634402
337782
687942
52133
288962
893854
171420
139909
451833
283495
984216
396802
692064
114937
56473
426432
457062
4884
897307
103852
473186
561825
154946
885129
347734
430034
951013
538912
674125
14791
229705
846350
352573
917647
898483
641535
349314
69893
781445
801147
891221
303473
735771
583275
418411
792244
547529
413295
334951
982659
517147
808137
82296
672093
693256
430030
102118
644260
968942
314065
196873
198637
160405
549446
654107
596711
190971
541243
666604
510238
342380
95637
351534
78141
678912
307767
408207
764264
721062
743158
746913
238199
89107
829209
448115
782364
259229
88055
964446
228161
939952
161309
964630
638180
710755
156549
234881
439548
697792
439307
487609
577994
534945
839143
193957
213847
684732
139987
515933
405784
420967
262836
181805
510075
629867
167742
830261
889096
255797
794697
655079
733572
493828
157522
371742
742405
851903
144445
181943
87508
583752
207374
665502
118687
584339
397282
870367
269061
537269
386290
674845
496058
186949
394473
543955
816816
562215
374206
243725
355835
706725
898804
89397
200543
56316
998971
942948
908220
143406
662714
995728
727158
407910
199042
383668
992250
134146
254025
261301
671415
178137
473969
705296
902918
868442
249241
719725
430647
623448
501272
324304
330163
400066
951533
68529
994215
950494
549299
440247
93890
749835
973797
358871
157736
172829
742539
149976
306976
534386
411277
516213
250345
423068
759331
153254
291500
8563
410801
259970
169833
912073
584274
37818
849961
73620
106347
844166
24104
655647
822235
655827
405472
796022
14688
101030
506674
295049
251006
351472
829435
200106
405507
79770
623174
164829
770856
452497
711224
181647
250289
881057
631542
372385
918875
481494
446005
563045
863482
470110
756514
685708
125927
699808
481720
678447
800839
526216
973496
589667
877688
802921
789773
821018
420513
950770
523669
191360
941089
234883
910839
191368
653762
542372
563753
572627
23856
9749
673494
425160
17681
429998
110858
143608
667629
130401
359877
468458
656617
333363
58115
72118
674106
385711
430958
632441
874303
954627
361623
815382
189500
272453
6740
843262
814825
570493
953711
376503
118064
165018
801663
135745
132838
912522
817185
800467
580745
177052
268915
775184
48237
864863
385124
722343
788396
816082
892607
662689
770699
254220
478061
498021
526673
22623
879105
879320
130938
370629
255813
249003
535647
595299
384748
668485
45633
201924
6765
626378
378976
813512
401552
427214
678365
324499
687379
4573
140571
579976
667262
449093
834197
683145
484936
898692
705768
364032
778003
836707
272483
33806
85700
808130
629105
470448
14427
212560
210194
21192
838938
589171
372527
778313
554207
50882
102802
241576
55456
781205
359375
260540
230288
193562
943686
253047
630076
649444
154901
408069
23963
427384
979708
109663
773336
146625
117934
787763
359186
328128
346778
198114
455121
719305
514249
9318
308009
617051
788727
901297
936079
148092
161828
704189
879486
643336
957236
509552
292770
112127
917622
854566
539511
897320
964229
312837
43935
619985
638423
940953
485936
523023
139058
941057
242318
653307
488198
88149
808181
276915
989447
744250
962839
689097
448429
842315
332423
405656
889689
163015
55605
345123
17571
595117
780265
519623
445776
362023
677430
622021
302966
163356
145034
442024
642236
925184
633154
130424
13324
441325
945171
540593
723397
908000
229680
709648
288127
99925
653126
177806
262940
708732
522930
818344
841671
841017
875789
287437
203030
553209
909459
505997
254388
592315
485843
896624
517490
118987
27038
530814
98134
972209
71397
359353
418021
838909
68992
706148
938834
722118
883954
739596
430840
944706
95752
272501
785714
971541
97761
526566
62563
545042
32553
316951
137347
518397
751397
192659
637384
778435
723473
273341
288456
332692
632694
706477
709423
701686
412615
186069
423795
834391
925666
392457
316910
559240
202781
640446
68594
300542
167002
131157
383406
199556
985940
58575
255775
275149
251235
430981
53574
512530
704322
879862
845223
337007
586329
554636
576515
536766
740706
538132
908979
204184
930590
225879
763424
671193
404147
832018
509557
571150
500997
892963
308528
24749
951538
564303
299898
740595
995284
891304
253116
237419
771156
98329
112248
895307
190787
688763
432063
469315
764718
878865
211321
233120
104734
512568
904313
46704
882408
413860
617854
921228
844645
464204
945977
333995
566329
783698
74581
99425
674992
327697
336844
983971
963858
986924
879268
692467
675678
849154
699605
978218
728009
910926
211328
370565
961316
653463
417269
843715
67313
572945
302755
449780
37139
248722
783775
603468
32410
858356
240716
245225
723875
115382
229186
687723
102297
108444
380181
315797
495420
617608
294005
223419
66346
505333
593985
27653
696618
11244
409190
301753
584190
711945
751533
159151
498489
535298
300442
68722
931477
541158
313947
655342
656540
543133
880888
758837
189399
798891
74624
684820
416489
906461
446061
482835
949616
577868
48310
646224
126935
457500
947977
711125
707267
699500
408098
205747
772621
708540
274469
241910
787520
126238
435074
981883
207193
315952
278532
396592
114833
890989
619234
531322
797440
603118
551980
747047
180976
600290
931093
307911
595613
879061
556858
840702
116373
502779
46439
426816
211309
858740
668726
536652
984978
103791
518525
192161
957575
334879
126576
72399
225858
283632
141543
23289
886750
231345
308158
605549
369458
239241
913460
965071
656124
8131
805763
310320
510910
390025
737136
260041
786587
943685
796693
309378
585298
853040
39361
542863
187910
165937
153084
413768
987402
832460
974889
411964
63795
820869
17503
433253
60101
468786
936146
254047
476917
279722
564367
525649
207569
301494
785690
994156
783001
582374
841356
368289
973236
880718
448974
161136
584477
602059
112727
571869
972341
625438
983834
573958
446298
539159
545034
44221
7935
481170
298268
484852
298714
400458
10491
44105
701952
334004
576084
22765
454200
417430
391054
427426
298138
377850
126385
420438
517731
776944
992307
490062
402372
513953
64011
848670
53103
609045
430713
61038
628037
266804
83713
464574
667262
632036
508679
369204
966040
84753
929801
420230
40006
320845
385479
875976
236517
511864
296404
754249
826630
288702
244301
228992
340477
308312
615485
393580
455179
46188
992451
83207
312992
613986
547781
518076
246012
56450
425102
749875
679036
354893
707927
719042
213560
93396
595008
450078
143082
891413
204317
507534
717937
448618
736527
596236
294753
889834
527639
749932
473844
520080
833139
324659
671888
918742
842735
455722
513015
267828
205587
729873
622721
451337
448905
836282
82555
581735
286350
763470
10960
490667
270994
266719
477107
545343
862956
771860
435167
390585
521783
909012
448487
892744
771493
658197
349299
614218
113909
862314
882046
857329
592177
42580
308656
578904
416684
391211
698461
703034
154671
709422
731523
963498
513963
208620
508831
376909
518303
943999
305316
577908
390823
291625
470642
162306
949822
357763
314346
63722
220067
734215
458873
350066
776795
767529
466792
193469
696562
165244
434325
389056
412488
703670
352544
926451
450112
861375
303351
968415
343186
146489
84135
271831
438115
92600
434137
925759
450363
748484
989481
208253
20511
448344
558319
797306
753695
25102
528597
450248
728178
500744
839304
140656
204404
729670
67097
192338
128857
908280
698576
472044
54760
782711
743875
30697
875311
715835
956456
325665
2131
483750
533918
22642
469916
92227
357770
761434
655161
424189
211672
383329
924933
588798
523985
667159
856290
128905
859497
985147
37175
95885
457181
629767
878597
738879
198286
753898
454704
154733
79553
994667
176305
151293
17299
184043
781353
375069
945477
436504
799258
694971
357656
262003
821591
419463
466984
677871
548368
326471
663009
123366
960189
658012
290955
838776
396881
489242
592664
389407
181797
210040
384064
358102
361333
939195
79967
142676
852086
25435
117003
651334
720406
474659
451159
79810
431944
918143
757681
518135
782437
420680
641501
742616
78683
932456
581382
13386
421688
711868
940626
603485
921908
324680
499409
821064
263866
579377
963740
115942
142634
618565
305099
400862
631046
294080
480672
62981
212214
238344
581116
532473
196846
760439
812911
813361
692885
932115
364570
652396
643973
305186
793703
103694
629866
830935
924758
431554
948134
426310
85319
90758
44866
928250
29442
675912
222320
47937
276715
972366
824113
857831
504829
20949
618260
855562
372133
848968
787667
736703
501354
431631
41879
832879
535325
209567
663804
997905
178944
149750
962037
264263
240508
6893
730335
807783
220628
952655
855720
497343
462834
679823
892997
505485
238594
49069
361038
610727
898037
148695
885252
937213
580326
464953
307905
653473
212343
509531
189190
391287
659282
151218
193372
437612
695943
923707
245385
454393
414174
101095
489559
877008
780918
382546
382484
557335
969447
743522
168052
405297
430039
591127
880332
548188
56070
188227
201651
268413
697759
928674
197522
357031
79882
390894
794643
775825
852423
577851
230209
804420
678946
719768
681418
997687
640136
601724
555012
609573
883068
260886
14860
313098
852013
433015
861286
445906
621242
600759
714319
856823
529423
449664
751676
609305
378380
546310
922953
230794
661983
690984
573036
340919
948574
254444
876428
126522
393991
969262
736095
277049
767971
288778
127969
619974
721793
989255
603702
880857
127827
855844
737671
657250
305498
489337
804378
683878
573469
265143
452494
235442
956127
25520
114184
442513
817797
528434
569035
211778
497687
305120
26649
265648
131720
154619
423444
391335
681696
27137
272183
809523
882981
547676
466764
726301
37003
808964
410169
148295
74097
400486
921569
30214
426006
35743
472727
781625
564178
579584
531225
599687
422526
557875
403157
554247
250316
826601
483404
469834
391560
293409
279348
812363
841085
283934
538654
415911
92888
486646
564206
704817
887132
485765
272853
850960
59331
283402
170398
623509
862986
701623
761018
285502
797320
164165
377571
47626
990766
860976
55283
920149
154375
334631
732502
995461
156387
808979
949194
787107
295615
513390
491914
720569
536977
764767
109341
596308
48159
279739
219807
911145
981363
518647
734469
778673
682812
112031
364122
673569
510829
957237
131530
665204
291858
864032
198477
986077
673001
147661
773174
506438
661051
802910
764829
735851
105489
874171
332149
691480
153900
89779
602615
673085
608426
874906
989581
291229
986937
891525
502620
497756
848752
634150
700783
678432
498172
899260
664499
708996
584744
975495
753256
783617
316217
518076
519458
421706
392237
851608
113176
83959
941387
253613
757045
87625
666341
284438
378854
653269
175953
881474
688847
24695
515614
389620
703127
551609
826703
905448
798427
949269
418755
551673
732876
734972
607571
252325
694500
537630
641755
345498
621590
120954
136933
916457
208579
803274
200885
587434
994365
376838
468898
683203
939365
522335
610645
180304
73934
975170
623574
872361
924429
42319
961856
657296
315113
569418
447443
547435
107038
627020
892933
266450
747974
567688
182897
956553
370952
921614
81799
365308
836274
88520
48501
775629
610855
196968
493755
222611
172129
117319
632794
634380
697470
594640
829498
12573
701880
814763
97830
808919
441773
990763
75359
727569
96263
796089
221935
467216
717693
303734
832524
553958
930086
418847
867409
78753
153637
361155
301364
863598
16296
471980
497969
713767
66611
327457
264162
768491
680043
361993
115222
121806
890578
728414
387198
986842
524493
609133
454048
780008
912867
824394
333956
380766
243231
739188
459519
934700
638165
298706
798289
654461
770686
296248
368218
375119
161527
170203
681433
841570
532196
796655
501199
422764
525059
888397
947428
587374
35342
401466
367373
948209
763682
239151
328965
6903
516161
326307
479426
154316
625013
277705
808778
395689
573953
714818
770809
273302
885021
452232
652695
417207
786709
691716
377794
849591
580103
325212
436955
153267
264501
342150
101466
28173
119124
968264
572909
635285
832393
52325
789602
457396
330030
136192
853085
441805
851010
161706
715107
273844
151760
905624
228873
938470
597330
606667
325873
715255
469702
762828
868522
272025
642801
507811
300198
761925
13887
410929
397200
846280
463254
186792
303666
331106
860816
694573
310733
711817
856280
563663
523483
545862
469277
752356
484322
604430
896846
810195
319675
904370
110836
726020
176385
291459
233821
14405
53374
247708
425335
450574
631810
426411
175189
935476
295340
35995
167861
606073
285634
561963
169726
809117
107816
176826
99286
129960
781256
996132
477978
100921
900492
588814
826941
614699
880273
598584
629104
471469
846292
592261
459865
15914
18663
172876
489212
314003
208872
657074
457898
32328
219027
627625
379268
864675
804451
478554
994636
585697
12498
472604
224440
912990
599240
589204
65501
17325
187778
694605
488794
571893
286857
948659
587807
843352
121526
77010
695177
868230
734084
153065
438380
490933
318512
817648
355599
122953
834024
350225
246472
846522
822829
8735
297324
422059
597939
362825
977216
785717
595253
466000
357600
882110
952481
945408
263274
611829
560240
958451
17871
294314
111506
456252
323069
430019
811722
678668
90794
183559
28883
875099
30071
389534
883834
865228
349415
481763
228043
326621
805302
361118
330443
700725
781050
282915
183945
44314
894744
744185
2755
450438
576321
114262
906690
899390
82103
256224
578049
172897
439783
144754
47986
7677
72111
469642
872905
421526
489227
638770
285970
294520
999889
616413
533067
780929
437150
717012
363066
869717
999019
365821
320145
575330
17905
226825
474710
100008
20871
590581
810738
460655
273158
396546
468332
345269
404011
879059
304617
893238
517819
128409
725580
55520
744823
258637
374272
719795
513471
737338
589502
512480
640981
909647
87800
658887
674294
100333
296717
695166
228736
645277
693643
501894
579646
699797
384985
983657
578846
227425
876885
634487
355834
140278
227830
638479
936747
602102
358265
450209
877262
485589
962689
518233
395227
588312
714942
69511
226467
549482
302499
455203
732581
996142
494920
312217
695929
417727
295864
274765
645152
710572
447075
538809
388672
674905
715110
325409
814829
611197
313440
692081
96777
276120
748136
492004
402254
891
99337
166543
88195
401837
159568
820776
935801
192310
132984
631721
610038
966680
444308
793012
215064
891383
869643
603736
566278
584744
929146
918929
195931
242576
148822
292708
56518
896959
322534
996604
435672
421872
163137
523867
361531
860538
882465
297322
52838
553271
466865
662876
519942
911174
993711
735006
802547
863344
876565
906648
448078
343523
825567
644010
123921
974390
474540
718272
409161
797075
252688
382655
756769
415826
444344
656122
276354
326799
953444
867024
880071
420300
529891
937835
331464
523592
210653
671833
924758
87208
116293
372827
968563
479683
554659
92475
991895
29189
348569
401046
364086
601257
321523
658677
17073
765867
314789
831259
92656
268224
698274
510549
226346
765987
448374
95632
827401
659028
305287
752149
284058
421581
662798
252612
901264
755279
882919
893149
322291
231478
832017
686377
832735
153530
345045
387631
457219
659834
756712
549875
465880
992808
598247
692226
296607
46611
325680
123998
243461
630968
413970
65342
52539
614590
855786
491625
369860
738695
922596
692151
507995
754603
916350
340720
445955
261385
266173
903174
459042
22876
990871
462744
553506
589108
692793
850114
173542
18463
511934
954835
649431
925904
20167
239792
540485
875953
269239
910345
152460
191825
140308
660455
484250
56648
538998
930205
855866
805171
371191
314898
828047
362053
315464
381544
488983
8247
769480
662525
26711
281404
155173
213964
207299
175340
991589
285606
589116
260818
733773
741576
452644
874081
402022
936894
930729
941020
404912
786585
284003
776103
639305
112041
138146
954770
31407
164952
963017
338709
365299
527550
620113
520472
279337
365234
695813
270916
650840
822751
531734
922435
564317
522200
796506
504161
459085
265048
983003
863997
589455
266997
177912
766583
916870
853891
259165
486099
18833
222172
824808
384132
287545
982743
442427
566882
347968
138230
375620
536630
498803
907354
996888
63110
429545
331206
105094
426452
596254
625919
828271
723532
892916
6173
490105
347598
860064
749270
371519
416719
509264
734149
338674
334631
716883
781101
901513
602673
457153
814955
677125
955956
722300
674003
556888
689667
543032
661982
653941
139276
825724
482202
400630
718630
26197
890735
604051
886262
639995
975570
840803
687082
247532
179467
21703
964415
960568
461039
104900
417711
275984
319847
911489
536106
531673
468368
225763
74695
668172
879704
751803
493886
899728
152424
750339
925926
43149
892212
350000
220967
867772
190793
445871
653126
908093
467574
617531
406473
928613
260253
362007
742420
117923
273486
278516
649596
741854
42102
724291
947849
459628
13906
441725
359347
166330
729886
285263
747312
622088
173085
968279
27673
901710
414140
680799
809793
419536
836153
216257
885972
634228
578264
628382
752151
851750
444720
401737
131417
486822
663850
617088
946451
677757
596635
305788
381909
326512
128873
129211
486422
301958
635312
514095
203658
587274
732717
551274
6801
568860
767531
892773
740910
883617
58967
493052
273179
503687
894789
942428
528332
96452
559506
474773
312031
156132
318383
693940
20466
985088
360974
506888
287036
996286
558806
28516
583551
291513
117612
128174
398195
885143
558769
139095
306572
617736
632147
579752
659245
64749
59992
187567
699033
619499
200162
11054
775631
56367
242816
796097
41445
603790
840807
866313
600067
399603
432652
183608
691116
550264
311782
89301
973230
408373
766229
279792
26099
398366
397366
223166
937
457359
948566
699970
76848
686550
711024
390301
742918
953841
724220
784363
95443
565017
188489
695510
502443
621141
416940
193549
171395
266544
820683
144615
674917
124724
962240
238838
523090
359596
462005
524028
816955
410561
223988
431625
97101
472835
359748
377841
964498
83958
700027
59931
186798
888516
755442
227063
509647
710204
420612
681042
976749
779117
363480
189478
903841
325710
428317
964754
223128
428144
26594
577906
838705
788414
9521
473628
261239
369270
389292
763559
991060
89309
823491
715680
977825
116745
942743
25284
826949
901178
244148
341510
218107
607628
530989
659771
471160
497128
624515
694289
925272
651109
272185
301789
977345
819538
313239
238575
726630
702531
2124
717681
791840
363437
971183
307477
480182
451739
332761
844954
352907
576910
186454
108836
722360
255265
768607
193511
752393
393112
425622
215477
582043
697807
517266
97201
517335
830506
335776
243956
70849
875732
499459
400512
776992
8454
707989
257164
460193
578573
639940
813100
693305
826395
921937
415655
619482
228356
146988
909698
159291
110432
125165
279156
808239
180254
376357
863397
548582
712133
645175
619431
125678
682456
19933
902670
690910
727923
697656
151094
844318
337587
502016
537613
701804
961775
491090
859108
190122
175901
768796
349413
286333
431784
628569
632395
612038
4917
33604
160610
254872
678779
317863
918382
361225
337797
358864
52125
603542
594343
741051
447850
469752
243058
523285
709378
742655
14365
568476
932777
728098
875095
820012
14422
844701
986404
184639
994561
529143
218243
692993
321837
897022
10846
778042
796069
348643
136896
848194
490007
269061
127058
475679
738813
907948
998964
448181
650593
551152
554480
121183
279240
967397
941195
831494
812088
465411
16123
806639
994554
234366
37444
854214
669210
48290
632246
465269
934766
769142
851286
424763
576026
978344
900443
314829
424104
437219
300833
74687
988371
393135
195870
267602
360522
674888
636918
710432
140289
653042
54883
672666
425230
92327
526870
632263
140617
159106
97522
75373
466070
486630
37959
42086
2786
476224
894748
426890
451265
195571
39400
439627
126528
235270
245051
487050
910158
881969
197472
588270
535001
252355
260926
498054
344682
325618
130307
23121
484724
765661
636327
488616
252282
212108
530703
792900
226154
425441
757613
677419
158834
797013
117036
285362
32273
362087
772412
480254
244047
507706
606346
316870
297883
867272
352746
180387
730712
483053
741340
215426
248705
377657
704042
38809
589765
772567
831709
353741
197998
127134
31151
356832
924147
148187
180016
956421
48097
490250
974497
829976
535778
580833
146836
833661
985927
499583
551870
716629
520458
293201
469877
306985
208680
711741
345794
336268
484299
715326
690009
682297
842460
721160
576952
766598
407170
756968
260831
455267
785041
235318
285233
320809
353973
969901
154461
339890
7296
244153
594341
65577
75176
64208
372562
283857
775949
718357
620125
260238
971505
847956
480358
351777
569107
595132
118365
514099
889922
917028
969366
674953
690168
792421
995763
581963
300134
688046
921853
845263
932199
516184
910840
7366
580392
283392
829055
894164
539571
987002
154392
48888
834948
634750
400666
941877
767704
56853
455966
657617
973882
425322
332560
201862
755565
328313
783826
593522
554181
243491
438775
24193
759676
887437
31559
877890
708651
398436
309866
248213
385428
464259
297101
220366
636831
697767
700066
404526
292443
156022
62133
266315
119167
932525
5999
874732
798661
789825
6066
352832
571139
444841
377025
330805
332268
946416
746517
40910
344842
56374
826955
268092
58455
661878
26281
233108
897468
726347
175456
189901
882369
775421
456216
1526
707937
37
414081
506588
327685
420147
397242
898824
402811
774268
767451
272901
258496
513958
851643
603339
108154
678588
409253
704441
340457
435534
475372
237915
699703
650828
427816
582063
426240
421854
121411
671999
421891
73314
716409
287398
493462
113641
186212
434095
425731
953663
706996
684228
5434
558630
825389
651420
237208
234632
355852
115487
207989
369046
891234
907692
19864
856872
27567
983936
278716
148979
655925
238430
760125
372324
525828
253577
23788
249863
687672
449519
203516
932491
133737
208950
491111
959126
860371
266141
731581
754045
381629
939570
123081
810685
847252
680777
667548
874820
664704
484086
561621
320619
260338
321736
230766
323989
113136
254554
573852
338630
704073
777368
271111
375633
524141
762222
334749
922334
28354
66320
676369
947815
5880
337272
296312
390955
555871
963860
265765
220565
985769
365208
79007
246097
686944
309773
570086
800080
102149
681760
138701
806222
996951
947644
719677
521082
709857
54417
443406
276033
658569
657597
761670
202272
532691
57972
593227
88552
559655
396814
309118
545414
762022
925957
329333
986788
235720
437242
324681
337869
118992
1204
681913
115933
948848
401581
174837
196517
993830
618243
10372
190211
813662
309864
392483
346343
367837
523532
972728
465314
458168
281836
548550
220180
745615
415705
744791
981335
852947
69462
857026
509762
70666
76751
163517
19504
478332
338355
753854
9974
494420
764226
200186
308073
74081
130491
192238
979750
654024
164956
982886
112182
984624
531426
870195
730229
947131
614976
711554
337891
222260
106392
847653
292926
183144
548992
850262
199298
887347
604106
209273
919590
906155
947291
227653
980236
77772
419891
497798
269618
122670
480674
919633
107284
12090
789818
837514
497043
942616
86880
372756
164866
193273
220399
995624
914249
307214
383698
651369
194551
987805
398464
114131
431772
345745
879616
949830
961350
837330
447618
230958
960000
928292
150581
67274
478204
478221
904788
513069
420827
529491
885826
123515
260586
644047
656961
174825
951261
40650
364016
683635
566277
762481
797766
998049
108216
215195
947869
607388
52515
933309
838347
12505
861591
526750
617611
877617
4962
60212
390676
963621
589703
814324
87127
850289
458362
281910
562936
409613
322560
464774
93238
426659
227245
428827
424698
873294
181844
910389
480672
234359
843688
856841
784696
243091
383582
402297
120698
388544
462509
49197
352155
590034
863521
977114
978145
859705
259015
78893
269309
119397
543668
900379
546057
770913
867028
508577
644197
48862
956789
662692
821053
338289
519523
605739
581381
903105
8027
239901
829471
8358
826930
719449
598393
228264
696553
576528
87959
493390
193244
895100
150610
736912
333292
234489
507815
200310
280888
689835
787005
237667
890349
608048
113779
409862
213778
695160
850790
759637
472883
680251
767995
837636
399690
904210
65890
634066
18551
153849
665278
211795
586772
815888
948707
920064
50367
994344
658196
331256
221991
983023
106745
112330
591062
220524
60015
342662
453506
448627
640121
926390
128868
408106
301838
66381
850139
367728
238269
868690
59399
903547
618307
183993
719426
104826
104047
307615
636992
300066
638871
858984
283079
745617
509136
411963
503963
569151
754625
957470
17768
394736
421672
684469
340665
723510
288672
728626
629060
64763
135128
688459
968310
753435
872453
225548
396083
514322
70986
33065
352210
709857
429871
635290
993296
939008
47243
497250
45971
339691
992542
601572
272249
414204
823863
150736
675536
650357
879362
304586
715120
552312
530867
221242
305737
941142
446791
701820
993287
517777
272708
345487
765456
702579
980777
296565
641577
565843
331637
225371
443356
324169
826943
253427
276195
188618
404164
951731
838975
821348
794139
554085
373651
324996
775327
217210
803961
759940
456853
797238
815539
729561
142715
580986
969962
661315
415373
611530
227148
747010
374723
208326
609001
201656
461753
885196
390274
865917
374739
767071
225078
168868
321146
136551
31686
634295
353761
373469
394226
348436
170697
209755
77987
851245
790741
585772
512550
206104
197292
277520
490936
109837
485846
99927
849325
947599
522945
777421
351329
897684
544482
114229
604374
865628
250780
173883
499913
142363
547352
894139
490800
255872
641717
106609
107107
970280
692381
619657
714207
427495
434999
205133
537332
920845
842893
386647
406256
365828
164058
295407
801335
708540
409636
405699
111980
198238
117404
149716
340602
664757
43845
369224
458451
223384
475833
565558
193655
706037
723037
907862
133522
158026
112985
208677
616693
493700
595324
22939
859529
297205
856179
660854
543567
803637
604375
655548
1866
259602
805264
880300
462181
386931
249514
920632
610316
725347
486180
341793
431374
209207
249645
102719
367233
900462
311396
521748
394153
444542
544687
791504
741747
938688
452348
285305
742316
594545
478675
282004
854147
821761
162294
316318
208682
411808
236940
356820
137145
260942
698613
106342
470149
486080
209061
375204
924365
58279
896952
318508
502821
979462
647834
244559
918140
638004
67686
198268
232539
84183
480272
624509
905944
642566
478649
652448
592196
715590
547091
267164
976532
783526
373506
984504
269597
120389
897530
731784
178668
794473
50282
681489
311747
235938
463870
229877
873942
69378
965978
106471
153561
984072
268802
597327
164451
747452
787598
756647
463032
334679
23801
977386
118195
397307
499702
925624
55518
397223
657398
234186
729518
245502
453498
41255
481440
455190
808964
355372
524569
774932
999676
215952
758995
268468
351102
923446
15910
138690
217905
16764
11191
241707
531973
129386
176836
569497
592833
232355
966720
788053
4363
696228
571378
995693
275305
590640
988706
84260
483835
513265
397014
483501
267039
693831
289791
155963
155089
843534
294653
372995
398120
305844
614702
930093
973063
329360
499581
103708
99537
4113
429583
641733
238164
951
637416
513469
129414
626112
135551
613249
677199
532566
634572
482061
764219
462185
638024
919309
305709
470500
830126
703830
314166
444818
171735
825051
312000
671316
466581
411538
213252
896165
53261
451416
434938
228499
502707
564352
392434
638259
715423
607455
708647
887817
89506
472856
349993
265353
929987
655702
273675
760103
897354
125663
742743
69080
950715
54734
278218
955118
4094
491470
389095
595187
942886
824034
823686
983416
926208
753942
621665
179444
361388
868134
67251
450894
340980
417244
254069
270958
610769
527744
568883
508113
653408
311617
577193
141935
366351
393234
634875
908277
884704
23961
503454
365403
385817
864962
348809
312015
618895
508296
29281
980283
376420
96533
968999
255222
513777
223059
64002
662368
288625
632886
170472
479855
944503
285487
159612
848676
678721
794488
756943
101238
818449
798219
466641
204256
663171
353272
54093
282056
399390
83375
800161
313632
179908
769151
106676
231507
530032
170679
893876
356479
341387
602170
836335
823712
425479
995947
210200
104191
790425
504965
743261
146686
303174
747724
350942
966345
100986
942868
786224
38198
26233
586375
351830
743973
893348
458506
513302
423370
167007
407168
317672
46216
547160
153997
869928
972640
687766
617950
614653
16004
122905
357904
162690
426079
643450
51455
392415
744436
994323
178629
782634
558378
302826
672286
302341
196165
130782
815643
157357
835622
760634
475029
881838
307784
166848
751757
818246
392437
907529
970721
946273
30425
866447
108953
456504
509887
698240
386741
254313
230375
103192
574769
788753
406019
784877
91084
140006
453482
906728
297363
289094
205174
310215
170922
512958
14885
460501
869027
407322
368021
839738
353585
936278
706176
361
392772
216053
236423
779514
8189
466799
882706
120780
255542
826547
905658
884459
966553
359130
328999
801739
186046
534173
649776
894800
584953
664661
893124
453970
609806
798967
831531
501213
735235
537697
501574
127997
291572
275820
445333
299761
742619
865862
958374
535983
230221
864022
420432
196765
760974
749431
536326
484842
283594
186092
379632
868548
850753
272746
860340
998381
71703
691861
499585
806938
767380
538981
472758
58943
814801
455913
896536
557410
321765
854900
93384
551987
256734
513816
286574
555530
263238
822900
40362
84654
8982
419995
491024
397557
230563
351355
395929
840099
581038
895514
184849
348409
434485
195429
945184
787109
651343
841710
344509
973108
234423
975725
62907
491157
489532
349481
584510
290592
710203
624872
913078
257007
582689
404093
654565
351075
293270
588316
191164
874308
21642
376013
222707
993959
571443
705713
781058
760608
547414
125558
733706
319659
101273
334436
348638
128627
683917
933148
957051
931943
95833
870120
188940
678522
274203
843505
29587
105295
431811
758583
979603
991285
672419
740133
985235

