670019
942810
1181531
1285523
1309697
1349531
1377376
1481825
1535672
1573909
1592353
1759984
1780886
1810022
1837610
1846871
1901056
1983372
2028985
2093589
2113005
2139622
2142068
2153658
2175764
2193089
2203043
2230441
2247848
2252575
2265744
2281279
2291364
2300844
2307078
2307505
2319695
2353799
2364149
2366184
2369331
2371301
2374284
2387953
2398519
2401162
2404304
2408680
2412471
2413387
2416416
2421047
2453316
2454236
2480506
2493982
2495525
2500916
2522463
2524006
2532270
2538210
2543293
2547963
2556581
2571121
2574175
2590349
2592658
2596388
2599074
2602511
2608352
2609912
2614533
2616076
2616285
2617833
2621176
2625012
2631547
2634420
2636755
2639093
2646425
2658776
2659440
2682591
2684777
2694056
2696166
2700573
2713941
2733464
2749913
2752768
2753423
2763394
2764527
2767461
2768666
2776316
2780141
2780443
2785710
2787650
2790914
2795536
2802099
2803806
2804061
2804770
2806201
2808791
2812722
2817548
2822075
2828995
2831468
2831896
2834042
2834515
2836448
2837053
2839246
2846834
2848116
2860620
2861317
2862448
2867855
2873151
2878850
2886856
2888068
2889479
2892043
2892109
2899011
2914385
2915334
2919643
2921518
2922247
2929662
2930630
2932014
2933074
2933514
2936413
2938085
2950242
2951426
2951531
2951655
2953666
2953993
2958578
2958745
2960733
2965676
2968155
2976729
2987356
2988641
2995436
2996613
2997815
2999030
2999763
2999833
3005152
3009804
3013299
3014600
3014954
3016923
3018222
3018286
3018960
3024410
3031297
3033240
3035282
3035628
3038138
3043743
3049469
3055108
3055474
3063094
3064814
3066121
3067950
3068771
3070270
3070606
3070606
3075635
3078546
3080471
3086845
3087143
3088006
3090198
3090725
3093104
3093928
3093952
3098008
3098236
3098448
3103306
3104608
3106552
3110243
3112312
3113524
3115284
3116136
3118324
3119650
3120013
3124886
3126406
3126406
3127308
3132453
3133211
3134094
3137878
3138540
3140442
3142606
3145921
3154084
3159346
3160408
3161436
3162172
3162938
3163146
3163282
3163339
3165218
3165810
3167202
3167822
3169687
3173497
3175550
3177154
3182697
3183992
3184837
3185065
3185154
3188792
3189342
3189770
3195025
3197291
3202266
3202478
3205030
3205568
3206437
3208504
3218770
3219822
3227425
3230505
3231272
3231540
3232236
3235825
3236163
3237898
3238092
3238297
3239755
3244562
3245552
3246129
3247580
3249216
3249402
3249617
3252363
3253011
3254537
3257713
3262455
3264785
3265469
3267037
3275166
3275504
3275844
3276101
3276838
3278286
3280153
3280507
3283477
3285625
3288337
3292281
3293205
3293932
3294596
3296739
3299124
3302561
3303934
3304473
3304681
3304733
3307628
3307630
3308057
3308170
3308886
3309151
3309467
3310060
3310622
3311252
3313455
3315504
3315714
3318001
3318816
3325552
3325617
3326515
3326740
3327022
3329315
3329408
3330441
3331332
3334320
3334858
3337361
3338098
3339345
3339473
3340349
3342107
3344608
3344781
3348765
3350124
3352502
3355062
3358040
3358813
3359885
3360375
3361101
3361379
3362563
3363526
3364356
3366010
3366979
3367552
3369742
3373028
3373915
3374946
3375191
3376078
3376092
3376699
3378145
3383721
3386508
3386849
3387341
3389133
3389169
3389545
3389556
3392906
3394850
3398002
3399325
3401775
3401966
3402137
3403108
3403209
3403759
3405981
3410086
3411441
3411952
3412223
3413923
3414329
3414834
3422598
3423621
3424391
3425219
3427389
3428381
3429717
3430164
3431398
3433766
3437995
3438377
3439258
3439432
3442457
3444174
3444378
3446523
3449562
3450617
3453440
3454250
3454417
3455785
3456630
3457523
3458999
3461786
3462707
3463275
3463709
3464784
3465408
3466171
3466355
3468602
3470649
3470702
3471182
3472032
3474642
3475289
3475510
3476479
3480112
3480582
3481973
3482408
3483483
3483502
3484509
3485285
3486599
3489423
3491095
3491259
3491600
3492732
3493112
3493485
3494276
3496514
3497005
3499130
3499459
3499827
3502401
3504451
3505528
3505648
3507806
3508235
3509473
3511182
3511466
3511632
3512431
3515826
3516729
3517053
3518121
3518324
3518848
3519417
3520315
3520430
3520885
3521583
3523505
3523532
3524269
3524963
3525894
3527878
3528013
3529814
3530236
3530436
3531082
3531229
3531725
3532145
3532362
3533209
3533602
3533686
3534471
3535340
3539765
3540851
3541187
3541823
3545696
3546946
3549366
3549967
3550233
3551124
3552880
3553584
3553815
3554092
3555827
3556696
3556846
3557416
3557588
3558217
3559268
3559740
3559944
3566717
3567858
3568414
3568888
3570460
3571094
3572583
3574568
3574916
3575406
3576178
3577450
3578220
3578981
3579860
3579987
3582721
3583113
3583329
3584380
3584527
3584611
3584975
3586977
3589033
3590183
3592034
3592657
3594724
3595865
3597303
3597468
3598262
3599723
3601996
3602655
3603234
3605262
3605330
3606192
3606439
3609876
3609886
3610002
3610518
3611661
3614226
3614323
3615250
3615999
3616401
3619810
3620242
3620290
3620457
3620710
3622055
3622095
3622517
3623440
3624739
3624773
3625252
3626413
3626519
3627832
3628340
3628482
3628677
3629208
3631094
3631135
3631540
3632492
3632708
3633201
3633869
3634737
3635854
3636413
3637808
3637949
3638241
3638884
3639824
3640101
3640703
3642560
3643621
3643739
3644259
3646522
3646548
3647066
3647483
3647753
3648433
3649567
3650158
3651313
3651964
3652565
3652756
3652820
3654043
3654147
3654955
3655886
3655887
3656511
3656704
3657051
3657074
3657226
3657249
3658228
3658301
3658661
3658675
3659188
3659283
3659413
3659473
3659501
3660411
3660769
3660835
3663296
3663356
3663415
3663536
3663555
3664744
3665285
3665336
3665770
3666525
3669508
3669663
3669756
3669763
3670967
3671793
3672916
3673023
3676443
3676495
3676623
3677689
3678588
3678924
3678937
3679653
3679882
3681106
3681598
3682536
3682787
3683717
3684654
3684702
3684933
3684954
3684989
3688429
3689090
3689096
3690770
3691037
3691688
3692310
3693143
3693376
3693418
3693714
3694357
3695699
3696499
3696799
3697470
3699465
3699773
3700152
3700276
3701319
3702657
3703155
3703205
3704058
3705597
3707435
3708948
3709476
3710709
3710931
3711213
3711809
3714815
3714969
3715718
3717648
3717749
3718784
3719153
3721219
3721561
3721625
3721778
3722028
3722222
3724895
3724930
3727545
3727763
3728044
3728078
3728780
3729523
3730900
3731796
3732240
3732296
3732697
3733974
3735462
3735857
3735923
3739515
3741480
3742556
3742794
3743130
3743509
3743882
3745376
3745725
3745935
3747020
3747907
3748038
3748461
3748857
3748901
3749611
3749880
3750675
3751480
3752003
3753891
3754148
3754260
3755450
3755860
3756490
3756567
3758986
3760464
3760478
3761352
3761370
3762562
3762684
3763070
3763803
3763941
3765058
3765544
3765632
3766468
3767637
3768308
3769552
3769722
3769948
3770382
3772941
3774199
3775281
3775367
3775412
3775638
3777006
3777051
3777151
3777253
3778520
3778717
3778848
3779372
3779583
3779917
3780169
3780222
3780458
3782541
3783017
3783463
3783876
3783942
3784257
3786559
3788230
3788733
3789197
3789306
3789528
3790300
3791278
3791984
3792138
3792887
3793402
3793934
3794408
3795236
3795775
3796219
3797749
3797996
3798891
3800621
3800677
3801187
3801917
3802020
3802269
3802565
3803842
3803971
3804875
3805640
3805823
3805846
3806271
3806645
3806822
3808823
3809020
3809249
3809417
3810651
3812999
3815162
3815276
3815768
3815805
3816157
3816609
3818038
3818338
3818503
3818707
3819068
3819416
3819567
3820389
3822090
3822844
3823570
3824027
3824031
3826384
3827029
3827418
3827877
3828276
3828784
3828822
3829463
3830103
3831865
3832256
3832397
3833435
3833684
3833882
3834676
3834734
3835886
3835962
3836034
3839393
3839567
3840722
3842409
3842940
3843528
3843672
3844360
3846117
3846410
3847781
3847980
3848534
3848536
3849288
3849417
3849597
3850778
3850903
3850928
3851645
3851675
3851677
3851786
3852272
3852287
3852449
3852562
3852624
3852627
3853338
3854723
3856110
3856216
3857030
3857212
3857744
3858380
3858662
3858780
3859335
3860000
3860511
3860767
3861102
3861756
3861808
3862369
3862940
3863323
3863334
3863376
3863754
3864077
3864252
3866177
3866199
3866223
3867638
3867873
3868096
3868184
3868957
3869591
3870116
3870387
3870766
3871016
3871360
3872627
3873348
3873544
3874036
3874489
3875120
3875894
3875958
3876371
3876382
3876750
3877032
3877085
3878404
3879994
3879995
3880734
3881138
3882257
3882915
3884127
3884446
3885672
3886354
3887181
3887735
3888680
3888729
3888882
3889997
3890337
3890682
3891267
3891369
3892130
3892255
3892384
3892598
3896601
3896648
3896714
3896800
3897252
3897331
3897755
3897871
3898165
3899010
3899282
3899298
3900295
3900866
3901073
3901153
3901700
3901958
3902279
3903396
3904195
3904364
3905370
3905831
3906054
3906774
3907422
3907620
3907933
3909589
3909624
3912098
3912600
3913571
3913974
3914246
3914522
3914749
3915140
3915758
3916076
3916149
3916164
3916301
3917312
3917502
3917560
3917600
3918958
3919264
3919332
3919354
3919659
3920351
3920463
3920515
3921221
3922063
3922348
3922581
3922934
3924004
3924240
3925287
3925493
3926722
3926805
3927238
3927787
3928087
3928143
3928264
3928428
3928837
3929180
3929267
3929827
3930733
3931782
3932513
3932670
3933345
3933389
3933708
3933803
3934785
3935022
3935305
3935326
3935756
3936602
3936855
3937795
3937981
3938115
3938686
3939117
3941180
3941831
3942650
3944830
3944835
3945964
3946538
3947114
3947283
3947322
3947721
3947898
3948499
3949808
3950946
3951295
3951559
3951942
3952139
3952370
3952446
3953499
3954979
3955323
3956102
3956928
3957055
3957236
3957354
3957675
3958387
3959256
3960306
3960743
3961767
3961904
3962313
3962365
3962588
3962712
3964144
3965389
3965887
3966609
3966795
3967381
3967564
3967787
3967923
3971198
3971340
3971661
3972617
3974009
3974858
3975221
3975332
3975392
3976499
3977002
3977212
3977343
3977473
3978391
3978582
3979294
3979467
3979711
3980481
3980797
3980985
3981182
3981389
3981418
3981790
3982589
3982713
3982760
3983985
3984125
3984298
3984639
3985764
3985950
3986092
3986709
3987028
3987413
3987679
3988847
3989922
3990181
3990208
3990274
3990430
3990777
3990887
3991571
3991868
3992400
3992925
3993073
3993599
3994311
3994537
3994922
3996127
3996863
3997020
3997328
3997346
3998737
3999141
3999440
3999445
3999591
4000863
4001020
4001282
4001716
4001780
4002449
4002532
4003220
4003464
4003774
4004337
4004803
4004988
4005209
4005892
4005974
4005998
4006084
4006312
4008492
4008906
4008933
4009464
4009851
4010007
4010050
4010441
4010800
4010804
4010879
4011034
4011343
4011771
4011999
4012046
4012283
4012306
4012373
4012471
4013073
4013138
4013540
4014266
4014428
4014751
4014809
4015173
4015375
4015463
4015543
4015681
4015690
4016199
4016377
4016882
4017759
4017868
4017965
4018077
4018361
4018751
4018950
4019185
4019785
4019791
4019917
4020076
4020255
4021301
4021390
4022589
4022602
4022701
4023168
4023813
4024175
4024236
4024669
4025169
4025375
4025813
4026578
4026721
4027033
4027225
4027520
4027557
4027717
4028584
4029842
4029967
4031203
4032759
4032845
4033225
4033292
4033477
4034230
4034277
4034954
4035206
4035614
4035901
4035915
4036100
4036220
4036468
4036518
4037055
4037212
4037515
4037622
4039197
4039242
4039687
4039902
4040229
4040396
4040846
4040908
4041303
4042285
4043444
4043523
4043623
4043687
4043895
4044831
4044953
4045304
4045375
4045380
4045670
4045807
4046798
4046851
4047031
4047255
4047372
4047930
4047946
4048758
4048832
4049263
4049574
4049664
4050183
4050392
4050407
4050523
4050572
4050750
4051075
4051327
4051725
4052118
4052477
4052628
4052705
4052778
4053223
4054052
4054669
4054742
4056455
4056470
4057054
4057398
4057949
4058088
4058136
4058153
4058196
4058424
4058925
4059080
4059467
4059579
4059707
4060520
4060694
4060998
4061041
4061427
4061844
4062523
4062543
4062811
4062848
4064174
4065489
4065610
4065831
4065974
4066508
4066515
4066579
4067008
4067200
4067667
4067956
4067959
4068534
4068828
4068853
4069114
4069368
4069705
4070155
4070537
4070662
4071060
4071431
4071503
4071916
4072520
4072702
4072796
4072989
4073510
4074032
4074366
4074590
4075453
4075473
4075697
4075819
4075990
4076002
4076179
4076225
4076314
4076425
4076429
4076445
4076942
4077442
4077761
4077980
4078399
4078638
4078656
4078673
4078809
4079188
4079419
4079788
4079833
4080711
4080810
4081274
4081786
4081847
4081992
4082717
4083675
4083795
4084383
4084387
4084506
4085164
4085233
4085431
4085749
4086492
4086938
4087494
4087651
4088997
4089204
4089370
4089739
4089916
4089984
4090179
4090220
4090223
4090253
4090800
4090944
4091255
4091829
4091995
4092367
4092749
4092878
4092966
4093313
4093810
4094124
4094469
4096017
4096985
4097048
4097506
4097690
4097888
4098539
4098776
4099039
4099873
4100272
4100513
4100613
4101708
4101985
4102145
4102790
4103145
4103309
4103387
4103437
4103660
4105068
4105118
4105493
4105507
4105824
4106293
4106780
4107337
4107501
4107828
4108055
4108441
4108920
4109464
4109487
4110074
4110106
4110347
4110485
4110954
4111062
4111187
4111343
4111497
4111725
4112034
4112072
4112167
4113110
4113736
4113789
4113807
4113830
4114831
4115095
4115727
4115847
4116006
4116201
4116379
4116647
4116709
4116736
4117163
4117320
4118271
4118424
4118847
4118951
4119727
4120646
4121124
4121277
4121615
4121684
4121712
4122046
4122546
4122652
4122708
4122989
4123069
4123072
4123583
4123599
4124479
4124510
4124775
4125068
4125320
4125823
4126137
4126745
4126789
4126889
4127566
4127663
4127810
4127945
4128252
4128287
4128313
4128572
4128786
4129139
4129273
4129478
4129586
4129868
4130506
4130688
4130715
4131408
4131586
4131739
4131763
4133144
4133356
4133729
4133972
4135305
4135370
4135656
4135977
4136018
4136043
4136184
4136251
4136592
4136746
4136926
4137238
4138236
4138339
4138564
4138930
4139157
4139236
4139298
4139411
4139421
4139456
4139848
4139867
4140627
4141047
4141356
4141825
4141983
4142012
4142995
4143129
4143749
4144229
4144501
4144523
4144782
4144942
4144985
4145008
4145551
4145789
4146046
4146272
4146707
4146742
4146993
4147035
4147037
4147218
4147619
4147623
4147800
4148254
4148362
4148375
4148557
4148784
4148786
4148885
4148893
4149081
4149109
4149558
4149756
4149937
4151123
4151688
4151728
4151957
4151981
4152320
4152522
4152871
4153058
4153404
4153468
4153731
4153913
4154016
4154132
4154151
4154198
4154244
4154398
4154423
4154437
4154978
4155287
4155629
4156085
4156527
4156623
4156722
4156787
4157137
4157647
4157765
4157954
4158452
4158699
4158816
4159265
4159528
4159900
4160327
4160499
4160550
4160657
4161581
4161857
4161996
4162374
4163647
4164038
4164139
4164164
4164321
4164516
4165275
4165328
4165347
4165415
4166229
4166444
4166448
4166878
4166894
4167132
4167834
4168931
4169168
4169170
4169242
4169861
4169886
4170035
4170843
4171212
4172698
4173480
4173562
4173757
4174059
4174370
4174561
4174953
4175320
4175397
4176217
4176317
4177405
4177517
4177553
4177624
4178188
4178224
4178254
4178531
4178631
4178638
4179400
4179738
4179999
4180217
4180288
4180927
4181132
4181628
4181770
4182024
4182612
4182979
4183544
4184265
4184870
4185110
4185178
4185309
4185892
4186142
4186176
4186281
4186389
4186405
4186450
4186456
4186530
4186700
4186889
4187599
4189272
4189400
4189530
4190163
4190175
4190303
4190368
4190715
4191246
4191635
4191966
4192397
4192639
4192751
4193082
4193243
4193569
4193866
4193951
4194259
4194425
4194465
4195268
4195406
4195443
4195495
4195520
4195647
4196200
4196213
4196430
4196536
4197035
4197089
4197332
4197423
4197950
4198205
4198253
4198285
4198306
4198398
4198662
4198756
4198800
4199144
4199442
4199756
4199776
4199804
4200118
4200578
4201248
4201376
4201900
4202155
4202304
4202526
4202636
4202818
4202976
4203243
4203472
4203613
4203720
4203800
4204307
4204648
4204865
4205267
4205739
4205938
4206476
4206499
4206809
4206880
4207072
4207339
4207447
4207650
4207671
4208124
4208171
4208338
4208427
4208531
4208585
4208589
4208682
4209063
4209247
4209707
4210382
4210822
4211280
4211390
4211824
4211945
4212082
4212239
4212332
4212791
4212989
4213135
4213163
4213292
4213448
4214003
4214556
4214578
4214923
4214952
4215175
4215519
4215561
4215714
4216059
4216137
4216209
4216482
4216562
4216580
4216882
4217018
4217391
4217453
4217867
4218298
4218740
4218824
4219010
4219241
4219334
4219700
4220204
4220326
4220358
4220388
4220670
4220939
4221017
4221265
4221490
4221621
4221837
4221842
4221902
4222096
4222146
4223161
4223202
4223762
4223971
4224067
4224102
4224300
4224571
4224624
4224886
4225062
4225931
4226084
4226106
4226112
4226262
4226285
4226386
4226593
4226726
4226783
4227655
4227693
4227733
4227897
4229209
4229712
4229739
4229819
4229865
4229885
4230084
4230155
4230529
4230751
4230964
4231111
4231116
4231708
4231731
4232037
4232098
4232616
4232621
4232790
4233236
4233320
4233764
4233820
4233856
4234030
4234150
4234189
4234310
4235168
4235244
4235269
4235840
4235854
4235942
4236182
4236254
4238015
4238033
4238071
4238427
4238512
4239591
4239592
4239668
4240269
4240564
4240803
4241415
4241859
4241878
4242177
4242512
4242596
4242690
4242864
4242916
4243161
4243532
4243647
4243699
4243900
4243948
4244434
4244488
4244513
4245364
4245451
4245458
4245522
4245796
4245952
4246580
4246871
4247136
4247454
4247665
4248352
4248354
4248635
4248712
4249516
4249659
4249733
4249836
4249972
4250116
4250561
4250580
4250622
4250682
4250908
4251152
4251496
4252113
4252283
4252526
4253102
4253564
4253670
4253804
4254104
4254205
4255700
4255909
4255927
4256011
4256100
4256191
4256215
4256332
4256681
4256779
4256826
4256877
4256958
4257076
4257112
4257189
4257196
4257365
4257681
4257782
4258220
4258263
4258339
4258491
4259579
4259613
4260115
4260625
4260751
4260824
4261244
4261290
4261373
4261692
4261791
4262065
4262116
4262145
4262155
4262870
4262917
4263019
4263353
4263596
4263700
4263713
4263956
4264051
4264206
4264354
4264557
4264635
4264704
4264777
4264852
4264901
4265251
4265258
4265392
4265634
4266388
4266475
4266573
4266887
4266931
4266996
4267311
4267607
4268094
4268261
4268645
4268657
4269012
4269232
4269346
4270036
4270097
4270200
4270613
4270952
4271024
4271258
4271539
4271560
4271697
4271820
4271925
4272271
4273328
4273477
4273755
4274265
4274340
4274565
4275006
4275115
4275547
4275925
4276337
4276338
4276581
4276711
4276782
4277318
4277319
4277651
4277845
4277867
4278480
4279064
4279191
4279221
4279323
4279340
4279431
4279453
4279676
4280234
4280248
4280642
4280670
4280738
4281001
4281084
4281228
4281295
4281317
4281566
4281598
4281662
4281859
4281929
4282170
4282194
4282253
4282454
4282793
4282914
4283015
4283275
4283445
4283468
4283641
4283731
4284066
4284422
4284431
4284563
4284842
4284979
4285325
4285443
4285644
4285652
4285938
4286134
4286186
4287816
4287900
4288346
4288738
4289480
4289596
4289862
4289871
4290302
4290335
4290725
4290886
4291629
4291671
4291801
4292036
4292079
4292154
4292316
4292400
4292457
4292463
4293283
4293318
4293534
4294018
4294203
4294746
4294812
4295431
4295525
4296246
4296314
4296684
4296684
4296841
4296947
4297201
4297247
4298194
4298232
4298440
4299016
4299448
4299547
4299734
4299877
4300173
4300186
4300594
4300988
4301234
4301313
4301488
4301685
4301687
4303141
4303249
4303307
4303391
4303472
4303519
4303568
4304055
4304130
4304313
4304421
4304444
4304502
4304542
4304666
4305608
4306174
4306437
4306637
4306824
4306933
4307231
4307451
4307504
4307617
4307728
4307745
4307873
4307963
4308438
4308734
4308879
4309087
4309144
4309269
4309459
4310138
4310286
4310491
4310624
4311044
4311194
4311450
4311753
4311765
4312041
4312107
4312205
4312251
4312274
4312533
4312604
4312681
4312727
4313011
4313610
4313697
4313782
4313972
4314131
4314249
4314446
4314539
4314813
4314847
4314860
4314918
4315055
4315064
4315228
4315243
4315475
4315911
4315995
4316357
4316976
4316995
4317060
4317188
4317373
4317416
4317573
4317707
4318084
4318314
4318315
4318354
4318714
4318724
4319673
4319825
4320231
4320325
4320638
4321278
4321318
4321549
4321573
4321767
4322107
4322313
4323058
4323141
4323214
4323734
4323897
4324388
4324721
4324727
4324872
4324911
4325004
4325049
4325275
4325612
4325654
4325781
4326040
4326069
4326557
4326591
4326804
4326926
4327384
4327846
4327982
4328404
4328534
4328734
4328956
4329144
4329237
4329488
4330316
4330350
4330717
4330759
4330844
4331001
4331087
4331516
4331869
4332426
4332541
4332710
4332963
4332964
4333049
4333136
4333209
4333258
4333435
4333917
4333977
4333996
4335138
4335220
4335510
4335885
4336294
4336491
4337928
4337998
4338078
4338460
4338514
4338521
4338540
4338584
4338735
4338742
4338880
4338962
4338980
4339108
4339185
4339237
4339610
4339615
4339718
4340507
4340555
4340818
4340987
4341021
4341074
4341193
4341293
4341561
4341776
4341948
4342151
4342265
4342327
4342544
4342996
4343178
4343629
4343833
4345052
4345144
4345244
4345356
4345399
4345470
4345782
4345889
4346061
4346122
4346464
4346617
4346720
4346797
4346915
4347210
4347690
4347788
4347809
4348010
4348143
4348222
4348276
4348521
4348821
4348829
4348888
4348995
4349327
4349615
4349783
4349978
4350154
4350305
4350638
4350685
4351199
4351281
4351495
4351673
4351713
4351832
4351836
4351896
4351955
4352028
4352195
4352229
4352306
4352678
4353275
4353357
4353419
4354106
4354183
4354419
4354436
4354454
4354475
4354494
4354540
4354644
4354851
4354969
4355400
4355442
4355464
4355681
4356085
4356447
4356522
4356799
4357217
4357278
4357423
4357479
4357747
4357774
4357985
4358053
4358204
4358421
4358762
4359058
4359403
4359690
4359777
4360771
4360868
4360869
4361056
4361231
4361293
4361450
4361521
4361902
4363145
4363201
4363751
4365006
4365192
4365366
4365666
4365810
4365835
4366453
4366570
4367074
4367317
4367600
4367661
4367913
4368099
4368195
4368281
4368363
4368440
4368518
4368778
4368805
4368807
4369251
4370008
4370090
4370316
4370550
4370843
4371051
4371179
4371516
4371863
4371904
4372024
4372182
4372362
4372468
4372518
4372552
4372595
4372608
4372700
4372707
4372876
4373003
4373309
4373310
4373629
4373979
4374358
4374364
4374374
4374442
4374463
4374495
4374571
4374678
4374753
4374813
4375251
4375397
4376448
4376472
4376665
4376979
4377044
4377092
4377299
4377409
4378192
4378254
4378666
4378942
4379295
4379605
4379780
4379785
4380227
4380485
4380551
4380797
4381084
4381357
4381859
4381892
4382316
4382323
4382395
4382467
4382538
4382592
4382813
4382817
4382834
4382913
4384011
4384045
4384088
4384245
4384463
4384677
4384677
4384774
4384970
4385389
4385557
4385599
4385624
4385697
4385722
4385811
4385910
4385940
4386409
4386427
4386933
4387452
4387568
4387620
4387880
4388109
4388779
4389371
4389877
4389922
4390103
4390194
4390338
4390563
4390619
4390673
4390727
4391138
4391323
4391647
4391781
4392078
4392154
4392311
4392322
4392494
4392686
4392903
4392934
4392949
4393073
4393097
4393120
4393302
4393343
4393385
4393631
4393774
4394227
4394230
4394528
4394787
4394872
4395147
4395636
4395985
4396148
4396168
4396274
4396438
4396459
4396708
4396929
4397049
4397101
4397452
4397500
4397614
4397661
4397847
4398075
4398162
4398210
4398238
4398546
4398682
4398784
4399204
4399298
4399775
4399803
4400142
4400625
4400740
4401202
4401661
4401809
4401934
4401934
4402031
4402182
4402333
4402446
4402748
4402788
4402790
4402819
4402886
4402968
4403193
4403530
4403904
4403992
4404060
4404362
4404421
4404647
4404935
4405118
4405146
4405466
4405502
4405580
4405828
4405831
4406394
4406487
4406529
4406590
4406620
4406683
4406961
4407809
4407823
4407919
4407982
4408293
4408647
4408833
4409006
4409067
4409109
4409301
4409577
4409754
4409916
4409931
4410326
4410342
4410482
4410601
4411092
4411173
4411384
4411423
4411745
4411817
4411895
4411910
4412170
4412389
4412666
4412685
4412776
4412800
4413133
4413177
4413196
4413271
4413351
4413352
4413542
4413684
4413893
4414283
4414443
4414580
4414652
4415083
4415245
4415375
4415574
4415585
4415608
4415688
4416206
4416313
4416587
4417083
4417558
4417822
4417871
4417955
4418031
4418085
4418185
4418199
4418212
4418270
4418429
4418498
4418580
4418832
4418949
4418964
4419062
4419179
4419207
4419244
4419370
4419583
4419593
4419674
4419750
4419750
4419915
4419933
4420153
4420315
4420408
4420584
4420813
4421225
4421733
4421850
4421956
4421987
4422109
4422147
4422197
4422614
4422645
4422699
4422882
4423095
4423188
4423525
4423598
4423673
4424137
4424212
4424292
4424356
4424454
4424780
4425308
4425560
4426031
4426392
4426612
4426765
4426933
4426956
4427128
4427511
4427552
4427600
4427942
4427960
4428110
4428181
4428213
4428255
4428425
4428943
4429025
4429206
4429369
4429650
4429715
4429931
4430260
4430521
4430574
4430620
4430761
4430883
4431208
4431302
4431968
4432271
4432301
4432570
4433080
4434046
4435000
4435097
4435399
4435444
4435941
4435947
4435955
4436075
4436266
4436291
4436419
4436514
4436587
4436618
4436785
4436806
4436906
4436928
4437005
4437373
4437423
4438174
4438246
4438283
4438352
4438397
4438548
4438551
4438656
4439067
4439445
4439512
4439665
4439897
4439917
4440035
4440099
4440348
4440452
4440544
4441472
4441542
4441805
4441915
4442045
4442089
4442161
4442225
4442277
4442669
4442934
4443000
4443101
4443522
4443609
4443639
4443799
4444090
4444455
4444691
4444808
4444841
4445081
4445169
4445321
4445578
4445923
4446204
4446243
4446291
4446533
4446808
4447322
4447607
4447622
4447630
4447768
4447935
4447948
4448091
4448162
4448212
4448430
4448583
4448598
4448691
4448700
4448738
4448811
4449049
4449346
4449368
4449629
4449689
4450090
4450176
4450250
4450325
4450537
4450627
4451336
4451346
4451398
4451444
4452050
4452109
4452128
4452784
4452868
4452905
4452910
4453330
4453377
4453386
4453494
4453756
4453802
4453864
4453986
4454222
4454278
4454327
4454454
4454859
4454904
4454917
4455106
4455132
4455343
4455563
4455700
4455851
4455887
4456208
4456275
4456467
4456634
4456738
4456871
4457318
4457363
4457395
4457445
4457567
4457856
4457934
4457950
4458126
4458245
4458545
4459164
4459540
4459668
4459816
4459822
4459921
4459985
4460013
4460106
4460383
4460529
4460612
4460865
4460993
4461075
4461145
4461392
4461549
4461617
4461874
4462034
4462107
4462520
4462571
4462581
4462671
4462857
4463079
4463117
4463427
4463901
4463932
4464154
4464826
4465564
4465621
4465643
4465670
4465750
4465791
4466492
4466514
4466613
4466646
4466781
4466992
4467218
4467239
4467489
4467669
4467733
4467943
4468062
4468111
4468243
4468375
4468482
4468620
4468715
4468769
4468824
4468973
4469024
4469428
4469511
4469620
4469972
4469988
4470071
4470552
4470611
4471134
4471135
4471646
4471658
4471712
4471880
4472026
4472049
4472096
4472126
4472182
4472434
4472587
4472902
4472984
4473357
4473393
4473685
4473773
4473804
4474070
4474101
4474478
4474553
4474676
4474815
4474938
4475071
4475104
4475295
4475321
4475453
4475485
4475903
4475927
4476067
4476152
4476313
4476319
4476330
4477260
4477366
4477578
4477704
4477718
4477783
4478049
4478133
4478282
4478518
4478931
4479104
4479263
4479723
4479866
4480460
4480632
4481446
4481762
4481880
4481890
4482055
4482058
4482104
4482411
4482467
4482531
4482585
4482628
4482753
4483727
4483892
4484304
4484343
4484409
4484635
4484731
4484797
4484800
4484951
4485165
4485201
4485685
4486244
4486259
4486402
4486488
4486608
4486624
4486725
4486768
4486886
4486889
4487350
4487387
4487565
4487623
4487755
4487964
4488062
4488155
4488595
4488660
4488820
4488895
4489089
4489167
4489396
4489526
4489719
4489982
4490037
4490058
4490293
4490356
4490405
4490663
4490670
4490730
4490820
4490982
4490997
4491344
4491680
4491886
4491919
4492445
4492537
4492548
4492572
4492998
4493229
4493614
4493662
4493884
4494152
4494279
4494284
4494652
4494703
4494786
4494864
4495410
4495953
4496408
4496465
4496511
4496542
4496618
4496754
4496756
4496815
4496846
4496920
4497360
4497376
4497440
4497517
4497693
4497759
4497786
4497867
4497939
4498104
4498154
4498489
4498677
4498852
4498991
4499071
4499233
4499546
4499557
4499694
4500221
4500608
4500637
4500699
4500710
4500710
4500887
4500945
4501177
4501261
4501346
4501347
4501638
4501851
4501907
4502054
4502097
4502260
4502299
4502445
4502621
4502751
4502821
4503246
4503590
4503714
4504096
4504454
4504490
4504746
4504770
4504849
4504859
4505359
4505979
4505993
4506287
4506396
4506692
4506817
4507000
4507288
4507391
4507423
4507430
4507433
4507630
4507634
4507976
4508318
4508335
4508529
4508558
4508720
4508810
4508928
4508998
4509002
4509396
4509442
4509727
4509957
4510022
4510070
4510098
4510244
4510333
4510345
4510536
4512004
4512695
4512961
4512984
4513058
4513092
4513143
4513143
4513615
4513669
4513775
4513951
4514078
4514140
4514185
4514298
4514323
4514366
4514514
4514680
4514802
4514915
4515007
4515285
4515342
4515344
4515424
4515472
4515506
4515639
4515691
4515720
4515893
4515927
4516290
4516351
4516434
4516476
4516513
4516780
4516853
4516890
4516965
4517024
4517143
4517177
4517206
4517229
4517273
4517382
4517614
4517699
4517735
4517737
4517926
4518101
4518368
4518753
4518756
4518826
4518877
4519169
4519229
4519306
4519433
4519488
4519488
4519657
4519737
4520037
4520185
4520442
4520465
4520562
4520862
4521115
4521200
4521384
4521401
4521847
4522525
4522596
4522689
4522693
4523017
4523341
4523397
4523586
4523773
4524053
4524174
4524200
4524230
4524235
4524612
4524753
4524782
4524885
4525009
4525064
4525142
4525174
4525207
4525443
4525505
4525594
4525633
4525766
4525767
4525893
4526037
4526144
4526222
4526291
4526329
4526482
4526539
4526666
4526786
4526898
4527088
4527233
4527343
4527351
4527366
4527443
4527512
4527590
4527700
4527759
4527800
4527909
4527967
4528169
4528277
4528308
4528543
4528613
4528797
4528851
4528958
4529157
4529206
4529228
4529505
4529760
4529929
4530040
4530145
4530161
4530274
4530337
4530429
4530582
4530684
4530859
4530929
4531137
4531150
4531295
4531483
4531790
4531898
4531921
4532099
4532121
4532313
4532390
4532420
4532733
4532805
4532886
4532926
4533045
4533067
4533198
4533261
4533370
4533577
4533607
4533817
4533838
4534027
4534143
4534640
4534804
4534866
4535265
4535268
4535385
4535460
4535611
4535917
4535945
4535953
4536021
4536206
4537035
4537182
4537272
4537457
4537457
4537587
4537624
4538009
4538011
4538066
4538122
4538162
4538172
4538192
4538257
4538558
4538624
4538802
4539166
4539169
4539258
4539332
4539724
4539735
4539800
4539916
4539994
4540488
4540566
4540903
4540977
4540991
4541126
4541275
4541419
4541462
4541557
4541570
4541605
4541652
4541845
4541951
4542072
4542485
4542509
4542573
4542736
4542867
4542893
4542966
4543005
4543113
4543136
4543222
4543382
4543445
4543509
4543882
4543904
4544101
4544544
4544785
4544914
4545024
4545124
4545247
4545267
4545285
4545494
4545511
4545538
4545555
4546122
4546159
4546295
4546599
4546641
4546864
4546899
4547166
4547231
4547266
4547266
4547395
4547446
4547662
4547671
4547699
4547825
4548023
4548194
4548237
4548340
4548370
4548931
4549025
4549026
4549035
4549123
4549280
4549366
4549510
4549868
4549891
4550048
4550363
4550425
4550566
4550641
4550742
4551039
4551215
4551340
4551851
4551882
4552163
4552547
4552554
4552570
4552634
4552806
4553121
4553580
4553641
4553677
4553722
4553793
4553875
4554033
4554160
4554218
4554266
4554302
4554318
4554340
4554507
4554801
4554867
4554995
4555358
4555364
4555399
4555399
4555492
4555850
4555927
4556111
4556172
4556262
4556276
4556291
4556302
4556447
4556463
4556493
4556771
4556916
4557062
4557190
4557299
4557318
4557366
4557372
4557553
4557566
4557805
4557832
4557845
4558033
4558048
4558068
4558265
4558299
4558619
4558889
4558962
4559083
4559146
4559179
4559257
4559472
4559817
4559819
4559839
4560215
4560315
4560428
4560604
4560650
4560687
4561035
4561149
4561225
4561515
4561880
4561921
4561937
4562065
4562106
4562265
4562292
4562424
4562950
4563050
4563111
4563446
4563482
4563637
4563639
4563668
4563872
4564002
4564201
4564459
4564480
4564954
4564999
4565519
4565621
4565810
4566076
4566139
4566325
4566580
4566625
4566922
4566967
4567026
4567090
4567304
4567343
4567487
4567613
4567956
4568049
4568060
4568353
4568558
4568559
4568573
4568610
4568647
4568943
4568985
4569031
4569137
4569174
4569238
4569264
4569475
4569913
4569933
4569979
4570073
4570075
4570126
4570190
4570198
4570632
4570686
4570690
4570766
4570989
4571134
4571472
4571521
4571653
4571915
4572164
4572229
4572235
4572401
4572409
4572447
4572522
4572579
4572663
4572916
4572962
4572999
4573007
4573169
4573331
4573404
4573505
4573515
4573589
4573719
4573790
4573832
4573980
4574525
4574787
4575014
4575165
4575266
4575487
4575500
4575525
4575619
4575655
4575726
4575738
4576464
4576667
4576911
4576978
4577043
4577205
4577248
4577387
4577415
4577422
4577428
4577558
4577666
4577795
4577804
4577856
4577857
4577914
4577975
4577981
4578004
4578167
4578297
4578340
4578440
4578508
4578585
4578887
4578908
4579027
4579049
4579461
4579491
4579896
4580020
4580058
4580231
4580286
4580288
4580359
4580377
4580580
4580796
4580858
4580924
4581039
4581128
4581317
4581325
4581329
4581484
4581852
4581928
4582133
4582284
4582292
4582334
4582391
4582592
4583269
4583326
4583501
4583564
4583873
4583909
4583974
4584185
4584273
4584498
4584500
4584536
4584665
4584776
4584917
4584923
4584973
4585033
4585040
4585052
4585456
4585499
4585721
4586011
4586224
4586318
4586387
4586656
4586889
4587284
4587427
4587492
4587509
4587641
4587757
4587795
4587832
4588192
4588263
4588514
4588822
4588837
4588863
4588963
4589006
4589248
4589980
4590115
4590120
4590177
4590208
4590234
4590270
4590379
4590441
4591113
4591120
4591393
4591448
4591507
4591556
4591762
4591773
4591803
4591820
4592015
4592250
4592301
4592441
4592528
4592969
4593150
4593208
4593258
4593404
4593457
4593594
4593693
4593716
4593767
4593778
4594134
4594180
4594428
4594502
4594588
4594691
4594815
4594826
4595021
4595080
4595097
4595173
4595184
4595341
4595354
4595796
4595798
4595914
4595916
4595933
4596086
4596273
4596319
4596528
4596561
4596636
4596841
4597188
4597291
4597811
4597889
4597959
4597969
4597976
4597984
4598041
4598182
4598323
4598405
4598449
4598518
4598525
4598569
4598608
4598648
4598846
4599122
4599202
4599206
4599516
4599521
4599577
4599904
4600500
4600575
4600855
4600991
4601099
4601413
4601476
4601590
4601629
4601649
4601723
4601760
4601863
4601918
4601918
4602041
4602110
4602176
4602228
4602235
4602301
4602548
4602670
4602826
4602992
4603076
4603329
4603435
4603670
4603685
4604143
4604316
4604376
4604383
4604898
4604934
4605257
4605741
4605761
4605814
4605956
4606022
4606181
4606457
4606796
4606854
4606980
4607029
4607069
4607092
4607137
4607428
4607436
4607529
4607552
4607597
4607674
4608126
4608136
4608174
4608314
4608325
4608409
4608441
4608518
4608548
4608599
4608777
4608794
4608833
4608854
4609093
4609107
4609177
4609193
4609334
4609350
4609381
4609654
4609658
4609732
4609804
4610058
4610097
4610176
4610182
4610308
4610482
4610710
4610859
4610936
4610956
4610998
4611054
4611084
4611124
4611144
4611504
4611551
4611645
4611708
4611836
4611908
4612330
4612508
4612551
4612657
4612675
4612787
4612979
4613046
4613114
4613125
4613238
4613250
4613283
4613382
4613437
4613471
4613680
4613752
4613796
4613901
4614125
4614128
4614383
4614520
4614681
4614764
4614804
4615022
4615258
4615309
4615326
4615412
4615559
4615591
4615687
4615741
4615903
4615952
4616068
4616144
4616189
4616316
4616598
4616693
4616781
4616816
4616878
4617023
4617130
4617415
4617546
4617634
4617717
4618080
4618093
4618217
4618293
4618547
4618561
4618769
4618808
4618817
4618877
4618953
4619249
4619489
4619512
4619583
4619802
4619961
4620106
4620204
4620246
4620261
4620595
4620672
4620685
4620749
4620846
4620894
4620924
4620960
4621143
4621161
4621205
4621537
4621651
4621656
4621658
4621734
4621917
4621959
4621994
4622071
4622195
4622280
4622292
4622307
4622343
4622478
4622515
4622698
4622770
4622785
4622968
4622972
4623060
4623218
4623299
4623335
4623395
4623572
4623607
4623687
4623751
4623855
4623910
4623950
4624034
4624057
4624058
4624128
4624194
4624204
4624358
4624498
4624558
4624623
4624640
4624821
4624890
4624902
4624938
4625052
4625082
4625200
4625294
4625475
4625476
4625489
4625621
4625683
4625806
4625863
4625914
4625980
4626006
4626036
4626431
4626469
4626749
4627054
4627206
4627227
4627254
4627316
4627358
4627420
4627471
4627526
4627747
4627968
4627972
4627980
4628019
4628185
4628450
4628560
4628576
4628711
4628754
4628823
4628997
4629171
4629401
4629453
4629520
4629595
4629606
4629727
4629843
4629887
4630006
4630041
4630437
4630765
4630925
4630932
4630938
4631070
4631103
4631163
4631223
4631235
4631383
4631429
4631545
4631766
4631805
4631935
4631971
4632127
4632137
4632152
4632211
4632297
4632309
4632392
4632432
4632452
4632798
4633552
4633630
4633678
4633713
4633718
4633753
4633882
4633988
4634068
4634131
4634187
4634207
4634217
4634241
4634525
4634619
4634631
4634959
4634979
4634980
4634998
4635060
4635154
4635173
4635191
4635411
4635450
4635602
4635770
4635869
4635911
4635949
4635997
4636000
4636264
4636278
4636328
4636337
4636423
4636438
4636687
4636704
4636809
4637073
4637231
4637244
4637349
4637418
4637467
4637553
4637588
4637687
4637844
4637934
4638020
4638123
4638184
4638202
4638238
4638306
4638564
4638573
4638718
4638860
4638894
4639303
4639381
4639402
4639599
4639766
4639798
4639856
4640003
4640088
4640293
4640421
4640474
4640705
4640727
4640808
4640894
4641071
4641235
4641419
4641609
4641614
4641715
4641743
4642058
4642098
4642127
4642228
4642272
4642303
4642372
4642402
4642415
4642442
4642656
4642774
4642801
4642963
4642989
4643152
4643186
4643305
4643430
4643494
4643555
4643579
4643581
4643685
4643707
4643865
4643891
4644145
4644230
4644368
4644374
4644781
4644806
4644837
4644901
4645133
4645214
4645277
4645448
4645465
4645483
4645692
4645953
4646846
4646895
4646965
4646985
4647221
4647521
4647640
4647783
4648078
4648110
4648259
4648271
4648531
4648602
4648616
4648647
4649015
4649036
4649103
4649126
4649127
4649189
4649194
4649360
4649429
4649438
4649487
4649516
4649518
4649556
4649675
4649692
4649811
4649900
4650050
4650052
4650078
4650086
4650467
4650516
4650552
4650597
4650811
4651243
4651275
4651388
4651517
4651537
4651569
4651597
4651690
4651739
4651893
4651965
4652076
4652173
4652334
4652643
4652865
4652875
4652919
4653144
4653257
4653295
4653319
4653383
4653399
4653466
4653538
4653580
4653654
4653658
4653775
4653830
4654166
4654195
4654329
4654435
4654471
4654748
4654935
4654957
4655017
4655037
4655340
4655373
4655620
4655927
4656075
4656157
4656247
4656302
4656596
4656767
4657073
4657197
4657374
4657860
4658229
4658485
4658527
4658721
4659004
4659006
4659049
4659295
4659703
4659710
4660481
4660530
4660657
4660816
4660887
4660924
4660934
4660967
4661071
4661635
4661759
4661789
4661824
4662418
4662712
4662740
4662793
4662805
4662854
4662942
4662950
4662984
4663168
4663318
4663482
4663671
4663713
4663813
4663852
4663980
4663997
4664116
4664170
4664310
4664378
4664491
4664640
4664686
4664723
4664804
4664814
4664885
4664953
4664969
4664972
4664973
4665221
4665498
4665642
4665704
4665835
4665855
4666038
4666062
4666318
4666676
4666683
4666899
4666957
4666960
4667031
4667076
4667187
4667278
4667397
4667431
4667833
4667914
4667941
4667961
4668035
4668144
4668504
4668505
4668684
4668734
4668891
4668943
4668990
4669055
4669354
4669393
4669415
4669415
4669422
4669449
4669467
4669758
4669791
4669877
4669920
4670176
4670272
4670491
4670527
4670606
4670875
4670914
4670977
4671025
4671080
4671230
4671344
4671414
4671556
4671744
4671808
4672003
4672060
4672064
4672068
4672131
4672157
4672393
4672396
4672407
4672463
4672528
4672616
4672617
4672686
4672778
4672887
4672914
4673010
4673021
4673165
4673311
4673403
4673412
4673425
4673521
4673593
4673622
4673829
4673858
4674067
4674138
4674261
4674265
4674389
4674506
4674674
4674776
4675024
4675160
4675538
4675668
4675917
4675986
4675992
4676159
4676198
4676246
4676367
4676391
4676513
4676600
4676703
4676709
4676793
4676880
4676931
4676999
4677016
4677062
4677256
4677304
4677385
4677566
4677587
4677588
4677638
4677694
4677701
4677994
4678076
4678141
4678182
4678185
4678247
4678789
4678798
4678813
4678874
4678879
4678887
4678936
4678971
4678996
4679105
4679175
4679343
4679411
4679529
4679576
4679624
4679647
4679721
4679750
4679888
4679962
4680030
4680131
4680242
4680287
4680289
4680417
4680418
4680616
4680660
4680682
4680787
4680874
4681137
4681153
4681176
4681231
4681236
4681266
4681478
4681522
4681536
4681805
4682109
4682140
4682309
4682401
4682616
4682922
4682995
4683132
4683173
4683228
4683228
4683244
4683249
4683313
4683332
4683715
4683808
4683916
4684053
4684144
4684275
4684339
4684369
4684619
4684674
4684734
4684920
4684962
4684993
4685003
4685271
4685324
4685599
4685650
4685703
4685707
4685723
4685732
4685774
4685919
4685930
4685988
4686036
4686577
4686619
4686661
4686884
4687000
4687177
4687227
4687362
4687364
4687514
4687544
4687673
4687690
4687844
4687881
4688063
4688499
4688595
4688862
4689051
4689087
4689228
4689645
4689661
4689870
4689888
4690040
4690076
4690115
4690245
4690306
4690467
4690569
4690868
4690913
4690950
4691296
4691369
4691413
4691418
4691598
4691651
4691657
4691670
4691686
4691902
4692195
4692272
4692573
4692918
4693045
4693112
4693132
4693314
4693549
4693597
4693694
4693880
4694034
4694075
4694305
4694380
4694398
4694755
4694801
4694986
4694989
4695163
4695166
4695168
4695339
4695384
4695399
4695452
4695595
4695638
4695767
4695800
4695825
4695891
4695944
4696018
4696348
4696619
4696702
4696727
4696860
4696919
4696957
4697093
4697162
4697472
4697558
4697593
4697687
4697756
4697818
4697957
4698020
4698238
4698396
4698739
4698772
4698779
4698790
4698857
4699027
4699027
4699050
4699093
4699144
4699192
4699277
4699311
4699374
4699427
4699517
4699537
4699606
4699641
4699795
4700080
4700173
4700284
4700520
4700585
4700800
4701090
4701188
4701191
4701437
4701492
4701517
4701580
4701612
4701716
4701817
4701819
4701906
4702221
4702222
4702321
4702579
4702638
4702676
4702703
4702717
4702776
4703049
4703054
4703296
4703529
4703610
4703692
4703810
4703876
4704007
4704090
4704230
4704249
4704635
4704670
4704743
4704921
4704997
4705135
4705242
4705346
4705462
4705504
4705593
4705688
4705809
4705903
4705970
4706140
4706152
4706253
4706255
4706362
4706630
4706642
4706658
4706674
4706692
4706697
4706736
4706755
4706866
4706871
4706935
4706996
4707003
4707007
4707049
4707106
4707508
4707687
4707690
4707712
4708085
4708103
4708672
4708720
4708738
4708744
4708955
4709097
4709123
4709175
4709194
4709284
4709545
4709712
4709929
4710020
4710057
4710177
4710198
4710507
4710569
4710772
4710957
4711127
4711212
4711268
4711303
4711454
4711549
4711721
4711860
4711944
4711960
4712039
4712070
4712171
4712284
4712287
4712573
4712713
4712782
4712847
4713045
4713093
4713106
4713147
4713160
4713185
4713304
4713312
4713314
4713333
4713371
4713544
4713587
4713661
4713669
4713859
4713913
4713924
4713924
4714151
4714227
4714317
4714530
4714754
4714912
4714967
4715111
4715372
4715376
4715387
4715589
4715663
4715716
4715847
4716070
4716117
4716127
4716170
4716246
4716430
4716470
4716760
4716970
4717109
4717337
4717372
4717413
4717472
4717807
4717884
4717897
4717903
4718036
4718133
4718175
4718284
4718776
4718835
4718916
4719070
4719170
4719338
4719413
4719469
4719472
4719479
4719646
4719673
4719675
4719689
4719801
4720051
4720089
4720105
4720140
4720154
4720186
4720188
4720216
4720232
4720285
4720535
4720609
4720702
4720787
4720928
4720935
4720939
4720959
4721005
4721033
4721085
4721220
4721380
4721477
4721500
4721567
4721810
4721841
4721940
4722049
4722310
4722408
4722408
4722521
4722540
4722546
4722689
4722761
4722776
4722799
4722878
4722975
4723042
4723046
4723426
4723432
4723453
4723460
4723670
4723675
4723730
4723821
4723843
4723877
4723892
4723980
4724068
4724121
4724147
4724313
4724596
4724615
4724662
4724674
4724729
4724791
4724870
4725047
4725288
4725470
4725514
4725589
4725612
4725667
4725763
4725786
4726051
4726112
4726137
4726159
4726195
4726237
4726340
4726363
4726481
4726536
4726666
4726907
4726994
4727517
4727616
4727705
4727708
4728025
4728027
4728260
4728355
4728461
4728560
4728726
4728741
4729007
4729066
4729158
4729205
4729268
4729349
4729362
4729405
4729546
4729615
4729624
4729781
4729828
4729920
4729994
4730166
4730369
4730384
4730428
4730434
4730487
4730502
4730527
4730544
4730649
4730719
4730768
4730820
4730982
4731114
4731438
4731490
4731558
4731679
4731760
4731952
4732060
4732069
4732136
4732165
4732255
4732273
4732295
4732470
4732593
4732661
4732691
4732717
4732746
4732930
4732936
4733051
4733367
4733503
4733606
4733667
4733844
4734094
4734110
4734415
4734459
4734477
4734838
4735077
4735089
4735135
4735188
4735286
4735365
4735420
4735451
4735525
4735530
4735532
4735723
4735751
4735820
4735917
4736128
4736216
4736259
4736355
4736401
4736491
4736539
4736673
4736743
4736785
4736859
4737021
4737040
4737168
4737189
4737228
4737305
4737364
4737435
4737508
4737666
4737900
4737973
4738021
4738186
4738232
4738427
4738583
4738714
4738731
4738885
4738931
4739029
4739032
4739195
4739326
4739469
4739680
4739714
4739714
4739733
4739842
4739876
4739970
4740045
4740132
4740518
4740724
4740750
4740762
4740926
4741216
4741235
4741251
4741289
4741328
4741460
4741501
4741606
4741831
4741888
4741905
4742059
4742364
4742516
4742700
4743134
4743214
4743346
4743374
4743626
4743915
4744016
4744110
4744486
4744544
4744551
4744764
4744846
4744976
4745030
4745064
4745224
4745351
4745351
4745385
4745461
4745484
4745697
4745877
4745888
4746097
4746140
4746165
4746243
4746280
4746356
4746393
4746407
4746636
4746703
4746923
4746951
4746999
4747099
4747542
4747679
4747682
4747709
4747786
4747909
4747921
4747931
4747937
4748018
4748062
4748181
4748401
4748411
4748449
4748467
4748619
4748645
4748682
4748720
4748751
4749083
4749382
4749527
4749529
4749719
4749790
4749807
4749838
4749862
4749886
4749927
4750015
4750090
4750119
4750278
4750290
4750297
4750539
4750578
4750605
4750675
4750711
4750782
4751002
4751101
4751348
4751452
4751518
4751552
4751740
4751766
4751920
4752281
4752333
4752540
4752750
4752777
4752937
4753079
4753092
4753094
4753103
4753142
4753315
4753360
4753417
4753434
4753508
4753554
4753581
4753647
4753680
4753842
4753843
4753984
4754072
4754229
4754253
4754307
4754411
4754438
4754507
4754511
4754525
4754530
4754591
4754611
4754651
4754780
4754845
4754900
4754908
4754934
4754955
4755060
4755127
4755143
4755161
4755164
4755169
4755387
4755426
4755521
4755706
4755878
4755879
4755954
4756113
4756179
4756343
4756372
4756517
4756711
4756738
4756992
4757076
4757301
4757434
4757794
4757882
