532 44
6000678 880181 3191620 6733441 9543921 8723044 143140 4955890 6351477 9968227 2041 6373046 8059489 4949587 5644756 4619153 6055649 8070705 8691683 1841158 3330761 8051531 1050292 4670154 3218203 526297 1241645 6214284 9540028 8081529 4476328 8057059 8961711 7667948 4790500 1021984 6390993 4933641 5977875 5258822 7418220 8496268 1631868 7994061 5962207 7276625 2613214 2017856 7863682 1304897 3859014 3710796 1872781 7425659 8380950 7607336 468308 2138948 6337972 2524689 220477 814300 581748 1698540 998601 5372248 2720525 9905946 2822241 1214752 5164768 2756814 2227372 9312988 750875 8189579 9105965 5880442 2723787 6969648 9701691 9099154 680444 1574472 9041165 9061394 1698161 9509473 3716694 8036133 4550514 3937172 1366786 5132262 8152064 4881739 3020863 3388941 4787685 5843104 7120045 2468805 1116270 9347417 1781793 1867146 53348 887759 7747588 5293488 7857407 9965631 4392642 1054203 1540104 5950159 115597 5754617 7975984 6348644 3790750 2526499 2802168 7673888 7658761 954232 2555627 3195976 6859526 9859664 1555433 3979571 2328469 2671703 5843341 6626615 4538849 8413041 30726 4802789 3706529 404485 4768421 615523 1458688 8824877 9082034 4090637 4579494 7058019 439281 886596 9584518 3241449 1076837 9759631 6712034 3632464 2955608 6087912 6008481 4511041 67483 8336950 7182744 8427176 7479917 4237946 6840218 26995 1557087 3063099 431480 6325508 6194975 4406520 7666737 5277009 8497158 2246231 4851380 1452791 5649180 4435898 4694241 6726017 6711882 3922627 2874833 2183842 10539 8883314 6694883 2594374 9736617 6393979 1021551 7216534 3148277 378121 9759882 4705365 5957572 191362 1030873 4668899 4597883 8697611 9945909 5611393 3460194 4797289 7064184 1625726 1749540 4274777 868095 8461422 713756 3742929 645264 724295 2626243 9856499 3318670 4879212 8766830 6856573 4612099 1915108 9751046 4371981 6620473 8224970 4563343 167698 2893870 1677578 1381661 5356131 9805323 7358208 153420 6869508 8983934 4419312 3660637 9852030 2880734 4374394 6111311 6042350 7615041 1253906 8415201 933711 6133119 7182032 306636 745218 9097140 2574034 5117199 8233965 799005 2196894 8401663 6209227 6390825 9783325 1565358 6196148 7141533 1718778 5582008 8641819 8654443 9242646 8493849 1535177 6133392 7121512 93880 3748433 8375419 8509081 7198497 4508538 8207465 7505133 5253756 7304605 2595520 370955 5538570 5910877 5084201 3940234 2120104 1475026 6239911 3685462 187527 3381444 7920592 5769535 2023263 6575035 7528533 3033465 626565 3661925 2671329 3236797 7410359 1046748 1745878 4608856 5555286 9953344 4630341 3325394 9774301 9742213 6212701 7829224 5653090 1296903 4285810 7773194 5288281 525721 3975008 5475808 6423517 1895601 1245344 963132 986988 8773877 6512949 1613553 4952155 9184279 4850350 2362514 231027 9112581 9487722 8302666 1582277 6634415 1628060 3872930 6376629 7840762 1702154 4546071 1654017 5987964 4835618 6942298 9030037 8810626 2418107 5453554 3222579 3663451 8933039 4209568 4953680 5445988 8339473 9905835 4630267 5706176 4784701 7377647 7335109 6788775 5680313 8917386 3423191 9824725 5306668 2316172 7665487 7008823 9378595 1835856 5513139 4214213 8778155 4543177 5541192 1196262 2513083 8763771 7376065 3962474 5489691 2329745 9408463 3829165 4751933 6555082 2051693 9536634 3932729 9386802 6325410 2129394 820540 2264953 1954120 6127208 7097477 2135959 5652383 6476072 3971816 3681875 690286 2749971 741404 6231478 6462585 5770839 7511601 3838650 9733314 3001293 8684747 9141777 9346810 3436680 8213211 3914855 5489667 4662293 3301657 1815077 6791687 6638549 6596382 8745807 5282109 3693859 3398119 3450845 169931 7369935 7132720 3376569 2636258 7874124 9608047 9098843 3644963 9636001 2937493 5894629 2637294 1622240 5036406 4500456 7575273 5765970 8415311 3064940 428263 4233320 7396369 7219950 871869 3992751 8482110 6153978 202962 1880229 2121175 372893 1766516 9253895 6265815 4402774 9644371 8390214 3501617 3289335 8026215 8955462 9183964 3179861 3094054 6736723 7680317 669327 5019045 6095628 6250619 5447308 328948 3646988 5183610 3717169 156091 3665720 2387500 359053 8062301 4508675 3248299 9828817 3762571 9514114 4231591 3406942 7904328 249560 9212629 8446896 9205022 912946 1626757 2299077 166021 9307075 2968404 5185066 7919055 1735376 
Q 512 124
Q 473 272
C 485 97 2576710
C 252 276 172976
Q 443 422
C 200 524 5076555
Q 178 368
C 467 303 8908240
C 379 132 4787067
C 44 23 6724380
Q 84 42
Q 215 399
Q 491 43
C 190 465 7060856
Q 245 3
C 211 159 3269500
Q 251 188
C 98 108 8296950
C 473 482 2845901
C 34 375 5553591
C 242 490 6909444
C 391 507 3089187
C 153 40 6954330
Q 252 125
C 398 376 242891
Q 474 152
Q 187 413
Q 521 458
C 364 174 1174870
C 132 479 3387032
C 242 475 7905614
C 516 240 1475862
Q 365 93
Q 530 136
Q 260 76
C 236 277 8405395
C 204 32 3066589
Q 515 28
Q 462 497
C 492 440 9490123
C 424 167 9596229
Q 320 50
C 318 507 92047
C 371 472 1971219
