670019
942810
1181531
1285523
1309697
1349531
1377376
1481825
1535672
1573909
1592353
1759984
1780886
1810022
1837610
1846871
1901056
1983372
2028985
2093589
2113005
2139622
2142068
2153658
2175764
2193089
2203043
2230441
2247848
2252575
2265744
2281279
2291364
2300844
2307078
2307505
2319695
2353799
2364149
2366184
2369331
2371301
2374284
2387953
2398519
2401162
2404304
2408680
2412471
2413387
2416416
2421047
2453316
2454236
2480506
2493982
2495525
2500916
2522463
2524006
2532270
2538210
2543293
2547963
2556581
2571121
2574175
2590349
2592658
2596388
2599074
2602511
2608352
2609912
2614533
2616076
2616285
2617833
2621176
2625012
2631547
2634420
2636755
2639093
2646425
2658776
2659440
2682591
2684777
2694056
2696166
2700573
2713941
2733464
2749913
2752768
2753423
2763394
2764527
2767461
2768666
2776316
2780141
2780443
2785710
2787650
2790914
2795536
2802099
2803806
2804061
2804770
2806201
2808791
2812722
2817548
2822075
2828995
2831468
2831896
2834042
2834515
2836448
2837053
2839246
2846834
2848116
2860620
2861317
2862448
2867855
2873151
2878850
2886856
2888068
2889479
2892043
2892109
2899011
2914385
2915334
2919643
2921518
2922247
2929662
2930630
2932014
2933074
2933514
2936413
2938085
2950242
2951426
2951531
2951655
2953666
2953993
2958578
2958745
2960733
2965676
2968155
2976729
2987356
2988641
2995436
2996613
2997815
2999030
2999763
2999833
3005152
3009804
3013299
3014600
3014954
3016923
3018222
3018286
3018960
3024410
3031297
3033240
3035282
3035628
3038138
3043743
3049469
3055108
3055474
3063094
3064814
3066121
3067950
3068771
3070270
3070606
3070606
3075635
3078546
3080471
3086845
3087143
3088006
3090198
3090725
3093104
3093928
3093952
3098008
3098236
3098448
3103306
3104608
3106552
3110243
3112312
3113524
3115284
3116136
3118324
3119650
3120013
3124886
3126406
3126406
3127308
3132453
3133211
3134094
3137878
3138540
3140442
3142606
3145921
3154084
3159346
3160408
3161436
3162172
3162938
3163146
3163282
3163339
3165218
3165810
3167202
3167822
3169687
3173497
3175550
3177154
3182697
3183992
3184837
3185065
3185154
3188792
3189342
3189770
3195025
3197291
3202266
3202478
3205030
3205568
3206437
3208504
3218770
3219822
3227425
3230505
3231272
3231540
3232236
3235825
3236163
3237898
3238092
3238297
3239755
3244562
3245552
3246129
3247580
3249216
3249402
3249617
3252363
3253011
3254537
3257713
3262455
3264785
3265469
3267037
3275166
3275504
3275844
3276101
3276838
3278286
3280153
3280507
3283477
3285625
3288337
3292281
3293205
3293932
3294596
3296739
3299124
3302561
3303934
3304473
3304681
3304733
3307628
3307630
3308057
3308170
3308886
3309151
3309467
3310060
3310622
3311252
3313455
3315504
3315714
3318001
3318816
3325552
3325617
3326515
3326740
3327022
3329315
3329408
3330441
3331332
3334320
3334858
3337361
3338098
3339345
3339473
3340349
3342107
3344608
3344781
3348765
3350124
3352502
3355062
3358040
3358813
3359885
3360375
3361101
3361379
3362563
3363526
3364356
3366010
3366979
3367552
3369742
3373028
3373915
3374946
3375191
3376078
3376092
3376699
3378145
3383721
3386508
3386849
3387341
3389133
3389169
3389545
3389556
3392906
3394850
3398002
3399325
3401775
3401966
3402137
3403108
3403209
3403759
3405981
3410086
3411441
3411952
3412223
3413923
3414329
3414834
3422598
3423621
3424391
3425219
3427389
3428381
3429717
3430164
3431398
3433766
3437995
3438377
3439258
3439432
3442457
3444174
3444378
3446523
3449562
3450617
3453440
3454250
3454417
3455785
3456630
3457523
3458999
3461786
3462707
3463275
3463709
3464784
3465408
3466171
3466355
3468602
3470649
3470702
3471182
3472032
3474642
3475289
3475510
3476479
3480112
3480582
3481973
3482408
3483483
3483502
3484509
3485285
3486599
3489423
3491095
3491259
3491600
3492732
3493112
3493485
3494276
3496514
3497005
3499130
3499459
3499827
3502401
3504451
3505528
3505648
3507806
3508235
3509473
3511182
3511466
3511632
3512431
3515826
3516729
3517053
3518121
3518324
3518848
3519417
3520315
3520430
3520885
3521583
3523505
3523532
3524269
3524963
3525894
3527878
3528013
3529814
3530236
3530436
3531082
3531229
3531725
3532145
3532362
3533209
3533602
3533686
3534471
3535340
3539765
3540851
3541187
3541823
3545696
3546946
3549366
3549967
3550233
3551124
3552880
3553584
3553815
3554092
3555827
3556696
3556846
3557416
3557588
3558217
3559268
3559740
3559944
3566717
3567858
3568414
3568888
3570460
3571094
3572583
3574568
3574916
3575406
3576178
3577450
3578220
3578981
3579860
3579987
3582721
3583113
3583329
3584380
3584527
3584611
3584975
3586977
3589033
3590183
3592034
3592657
3594724
3595865
3597303
3597468
3598262
3599723
3601996
3602655
3603234
3605262
3605330
3606192
3606439
3609876
3609886
3610002
3610518
3611661
3614226
3614323
3615250
3615999
3616401
3619810
3620242
3620290
3620457
3620710
3622055
3622095
3622517
3623440
3624739
3624773
3625252
3626413
3626519
3627832
3628340
3628482
3628677
3629208
3631094
3631135
3631540
3632492
3632708
3633201
3633869
3634737
3635854
3636413
3637808
3637949
3638241
3638884
3639824
3640101
3640703
3642560
3643621
3643739
3644259
3646522
3646548
3647066
3647483
3647753
3648433
3649567
3650158
3651313
3651964
3652565
3652756
3652820
3654043
3654147
3654955
3655886
3655887
3656511
3656704
3657051
3657074
3657226
3657249
3658228
3658301
3658661
3658675
3659188
3659283
3659413
3659473
3659501
3660411
3660769
3660835
3663296
3663356
3663415
3663536
3663555
3664744
3665285
3665336
3665770
3666525
3669508
3669663
3669756
3669763
3670967
3671793
3672916
3673023
3676443
3676495
3676623
3677689
3678588
3678924
3678937
3679653
3679882
3681106
3681598
3682536
3682787
3683717
3684654
3684702
3684933
3684954
3684989
3688429
3689090
3689096
3690770
3691037
3691688
3692310
3693143
3693376
3693418
3693714
3694357
3695699
3696499
3696799
3697470
3699465
3699773
3700152
3700276
3701319
3702657
3703155
3703205
3704058
3705597
3707435
3708948
3709476
3710709
3710931
3711213
3711809
3714815
3714969
3715718
3717648
3717749
3718784
3719153
3721219
3721561
3721625
3721778
3722028
3722222
3724895
3724930
3727545
3727763
3728044
3728078
3728780
3729523
3730900
3731796
3732240
3732296
3732697
3733974
3735462
3735857
3735923
3739515
3741480
3742556
3742794
3743130
3743509
3743882
3745376
3745725
3745935
3747020
3747907
3748038
3748461
3748857
3748901
3749611
3749880
3750675
3751480
3752003
3753891
3754148
3754260
3755450
3755860
3756490
3756567
3758986
3760464
3760478
3761352
3761370
3762562
3762684
3763070
3763803
3763941
3765058
3765544
3765632
3766468
3767637
3768308
3769552
3769722
3769948
3770382
3772941
3774199
3775281
3775367
3775412
3775638
3777006
3777051
3777151
3777253
3778520
3778717
3778848
3779372
3779583
3779917
3780169
3780222
3780458
3782541
3783017
3783463
3783876
3783942
3784257
3786559
3788230
3788733
3789197
3789306
3789528
3790300
3791278
3791984
3792138
3792887
3793402
3793934
3794408
3795236
3795775
3796219
3797749
3797996
3798891
3800621
3800677
3801187
3801917
3802020
3802269
3802565
3803842
3803971
3804875
3805640
3805823
3805846
3806271
3806645
3806822
3808823
3809020
3809249
3809417
3810651
3812999
3815162
3815276
3815768
3815805
3816157
3816609
3818038
3818338
3818503
3818707
3819068
3819416
3819567
3820389
3822090
3822844
3823570
3824027
3824031
3826384
3827029
3827418
3827877
3828276
3828784
3828822
3829463
3830103
3831865
3832256
3832397
3833435
3833684
3833882
3834676
3834734
3835886
3835962
3836034
3839393
3839567
3840722
3842409
3842940
3843528
3843672
3844360
3846117
3846410
3847781
3847980
3848534
3848536
3849288
3849417
3849597
3850778
3850903
3850928
3851645
3851675
3851677
3851786
3852272
3852287
3852449
3852562
3852624
3852627
3853338
3854723
3856110
3856216
3857030
3857212
3857744
3858380
3858662
3858780
3859335
3860000
3860511
3860767
3861102
3861756
3861808
3862369
3862940
3863323
3863334
3863376
3863754
3864077
3864252
3866177
3866199
3866223
3867638
3867873
3868096
3868184
3868957
3869591
3870116
3870387
3870766
3871016
3871360
3872627
3873348
3873544
3874036
3874489
3875120
3875894
3875958
3876371
3876382
3876750
3877032
3877085
3878404
3879994
3879995
3880734
3881138
3882257
3882915
3884127
3884446
3885672
3886354
3887181
3887735
3888680
3888729
3888882
3889997
3890337
3890682
3891267
3891369
3892130
3892255
3892384
3892598
3896601
3896648
3896714
3896800
3897252
3897331
3897755
3897871
3898165
3899010
3899282
3899298
3900295
3900866
3901073
3901153
3901700
3901958
3902279
3903396
3903418
3903587
3904593
3905054
3905277
3905997
3906645
3906843
3907156
3908812
3908847
3911321
3911823
3912794
3913197
3913469
3913745
3913972
3914363
3914981
3915299
3915372
3915387
3915524
3916535
3916725
3916783
3916823
3918181
3918487
3918555
3918577
3918882
3919574
3919686
3919738
3920444
3921286
3921571
3921804
3922157
3923227
3923463
3924510
3924716
3925945
3926028
3926461
3927010
3927310
3927366
3927487
3927651
3928060
3928403
3928490
3929050
3929956
3931005
3931736
3931893
3932568
3932612
3932931
3933026
3934008
3934245
3934528
3934549
3934979
3935825
3936078
3937018
3937204
3937338
3937909
3938340
3940403
3941054
3941873
3944053
3944058
3945187
3945761
3946337
3946506
3946545
3946944
3947121
3947722
3949031
3950169
3950518
3950782
3951165
3951362
3951593
3951669
3952722
3954202
3954546
3955325
3956151
3956278
3956459
3956577
3956898
3957610
3958479
3959529
3959966
3960990
3961127
3961536
3961588
3961811
3961935
3963367
3964612
3965110
3965832
3966018
3966604
3966787
3967010
3967146
3970421
3970563
3970884
3971840
3973232
3974081
3974444
3974555
3974615
3975722
3976225
3976435
3976566
3976696
3977614
3977805
3978517
3978690
3978934
3979704
3980020
3980208
3980405
3980612
3980641
3981013
3981812
3981936
3981983
3983208
3983348
3983521
3983862
3984987
3985173
3985315
3985932
3986251
3986636
3986902
3988070
3989145
3989404
3989431
3989497
3989653
3990000
3990110
3990794
3991091
3991623
3992148
3992296
3992822
3993534
3993760
3994145
3995350
3996086
3996243
3996551
3996569
3997960
3998364
3998663
3998668
3998814
4000086
4000243
4000505
4000939
4001003
4001672
4001755
4002443
4002687
4002997
4003560
4004026
4004211
4004432
4005115
4005197
4005221
4005307
4005535
4007715
4008129
4008156
4008687
4009074
4009230
4009273
4009664
4010023
4010027
4010102
4010257
4010566
4010994
4011222
4011269
4011506
4011529
4011596
4011694
4012296
4012361
4012763
4013489
4013651
4013974
4014032
4014396
4014598
4014686
4014766
4014904
4014913
4015422
4015600
4016105
4016982
4017091
4017188
4017300
4017584
4017974
4018173
4018408
4019008
4019014
4019140
4019299
4019478
4020524
4020613
4021812
4021825
4021924
4022391
4023036
4023398
4023459
4023892
4024392
4024598
4025036
4025801
4025944
4026256
4026448
4026743
4026780
4026940
4027807
4029065
4029190
4030426
4031982
4032068
4032448
4032515
4032700
4033453
4033500
4034177
4034429
4034837
4035124
4035138
4035323
4035443
4035691
4035741
4036278
4036435
4036738
4036845
4038420
4038465
4038910
4039125
4039452
4039619
4040069
4040131
4040526
4041508
4042667
4042746
4042846
4042910
4043118
4044054
4044176
4044527
4044598
4044603
4044893
4045030
4046021
4046074
4046254
4046478
4046595
4047153
4047169
4047981
4048055
4048486
4048797
4048887
4049406
4049615
4049630
4049746
4049795
4049973
4050298
4050550
4050948
4051341
4051700
4051851
4051928
4052001
4052446
4053275
4053892
4053965
4055678
4055693
4056277
4056621
4057172
4057311
4057359
4057376
4057419
4057647
4058148
4058303
4058690
4058802
4058930
4059743
4059917
4060221
4060264
4060650
4061067
4061746
4061766
4062034
4062071
4063397
4064712
4064833
4065054
4065197
4065731
4065738
4065802
4066231
4066423
4066890
4067179
4067182
4067757
4068051
4068076
4068337
4068591
4068928
4069378
4069760
4069885
4070283
4070654
4070726
4071139
4071743
4071925
4072019
4072212
4072733
4073255
4073589
4073813
4074676
4074696
4074920
4075042
4075213
4075225
4075402
4075448
4075537
4075648
4075652
4075668
4076165
4076665
4076984
4077203
4077622
4077861
4077879
4077896
4078032
4078411
4078642
4079011
4079056
4079934
4080033
4080497
4081009
4081070
4081215
4081940
4082898
4083018
4083606
4083610
4083729
4084387
4084456
4084654
4084972
4085715
4086161
4086717
4086874
4088220
4088427
4088593
4088962
4089139
4089207
4089402
4089443
4089446
4089476
4090023
4090167
4090478
4091052
4091218
4091590
4091972
4092101
4092189
4092536
4093033
4093347
4093692
4095240
4096208
4096271
4096729
4096913
4097111
4097762
4097999
4098262
4099096
4099495
4099736
4099836
4100931
4101208
4101368
4102013
4102368
4102532
4102610
4102660
4102883
4104291
4104341
4104716
4104730
4105047
4105516
4106003
4106560
4106724
4107051
4107278
4107664
4108143
4108687
4108710
4109297
4109329
4109570
4109708
4110177
4110285
4110410
4110566
4110720
4110948
4111257
4111295
4111390
4112333
4112959
4113012
4113030
4113053
4114054
4114318
4114950
4115070
4115229
4115424
4115602
4115870
4115932
4115959
4116386
4116543
4117494
4117647
4118070
4118174
4118950
4119869
4120347
4120500
4120838
4120907
4120935
4121269
4121769
4121875
4121931
4122212
4122292
4122295
4122806
4122822
4123702
4123733
4123998
4124291
4124543
4125046
4125360
4125968
4126012
4126112
4126789
4126886
4127033
4127168
4127475
4127510
4127536
4127795
4128009
4128362
4128496
4128701
4128809
4129091
4129729
4129911
4129938
4130631
4130809
4130962
4130986
4132367
4132579
4132952
4133195
4134528
4134593
4134879
4135200
4135241
4135266
4135407
4135474
4135815
4135969
4136149
4136461
4137459
4137562
4137787
4138153
4138380
4138459
4138521
4138634
4138644
4138679
4139071
4139090
4139850
4140270
4140579
4141048
4141206
4141235
4142218
4142352
4142972
4143452
4143724
4143746
4144005
4144165
4144208
4144231
4144774
4145012
4145269
4145495
4145930
4145965
4146216
4146258
4146260
4146441
4146842
4146846
4147023
4147477
4147585
4147598
4147780
4148007
4148009
4148108
4148116
4148304
4148332
4148781
4148979
4149160
4150346
4150911
4150951
4151180
4151204
4151543
4151745
4152094
4152281
4152627
4152691
4152954
4153136
4153239
4153355
4153374
4153421
4153467
4153621
4153646
4153660
4154201
4154510
4154852
4155308
4155750
4155846
4155945
4156010
4156360
4156870
4156988
4157177
4157675
4157922
4158039
4158488
4158751
4159123
4159550
4159722
4159773
4159880
4160804
4161080
4161219
4161597
4162870
4163261
4163362
4163387
4163544
4163739
4164498
4164551
4164570
4164638
4165452
4165667
4165671
4166101
4166117
4166355
4167057
4168154
4168391
4168393
4168465
4169084
4169109
4169258
4170066
4170435
4171921
4172703
4172785
4172980
4173282
4173593
4173784
4174176
4174543
4174620
4175440
4175540
4176628
4176740
4176776
4176847
4177411
4177447
4177477
4177754
4177854
4177861
4178623
4178961
4179222
4179440
4179511
4180150
4180355
4180851
4180993
4181247
4181835
4182202
4182767
4183488
4184093
4184333
4184401
4184532
4185115
4185365
4185399
4185504
4185612
4185628
4185673
4185679
4185753
4185923
4186112
4186822
4188495
4188623
4188753
4189386
4189398
4189526
4189591
4189938
4190469
4190858
4191189
4191620
4191862
4191974
4192305
4192466
4192792
4193089
4193174
4193482
4193648
4193688
4194491
4194629
4194666
4194718
4194743
4194870
4195423
4195436
4195653
4195759
4196258
4196312
4196555
4196646
4197173
4197428
4197476
4197508
4197529
4197621
4197885
4197979
4198023
4198367
4198665
4198979
4198999
4199027
4199341
4199801
4200471
4200599
4201123
4201378
4201527
4201749
4201859
4202041
4202199
4202466
4202695
4202836
4202943
4203023
4203530
4203871
4204088
4204490
4204962
4205161
4205699
4205722
4206032
4206103
4206295
4206562
4206670
4206873
4206894
4207347
4207394
4207561
4207650
4207754
4207808
4207812
4207905
4208286
4208470
4208930
4209605
4210045
4210503
4210613
4211047
4211168
4211305
4211462
4211555
4212014
4212212
4212358
4212386
4212515
4212671
4213226
4213779
4213801
4214146
4214175
4214398
4214742
4214784
4214937
4215282
4215360
4215432
4215705
4215785
4215803
4216105
4216241
4216614
4216676
4217090
4217521
4217963
4218047
4218233
4218464
4218557
4218923
4219427
4219549
4219581
4219611
4219893
4220162
4220240
4220488
4220713
4220844
4221060
4221065
4221125
4221319
4221369
4222384
4222425
4222985
4223194
4223290
4223325
4223523
4223794
4223847
4224109
4224285
4225154
4225307
4225329
4225335
4225485
4225508
4225609
4225816
4225949
4226006
4226878
4226916
4226956
4227120
4228432
4228935
4228962
4229042
4229088
4229108
4229307
4229378
4229752
4229974
4230187
4230334
4230339
4230931
4230954
4231260
4231321
4231839
4231844
4232013
4232459
4232543
4232987
4233043
4233079
4233253
4233373
4233412
4233533
4234391
4234467
4234492
4235063
4235077
4235165
4235405
4235477
4237238
4237256
4237294
4237650
4237735
4238814
4238815
4238891
4239492
4239787
4240026
4240638
4241082
4241101
4241400
4241735
4241819
4241913
4242087
4242139
4242384
4242755
4242870
4242922
4243123
4243171
4243657
4243711
4243736
4244587
4244674
4244681
4244745
4245019
4245175
4245803
4246094
4246359
4246677
4246888
4247575
4247577
4247858
4247935
4248739
4248882
4248956
4249059
4249195
4249339
4249784
4249803
4249845
4249905
4250131
4250375
4250719
4251336
4251506
4251749
4252325
4252787
4252893
4253027
4253327
4253428
4254923
4255132
4255150
4255234
4255323
4255414
4255438
4255555
4255904
4256002
4256049
4256100
4256181
4256299
4256335
4256412
4256419
4256588
4256904
4257005
4257443
4257486
4257562
4257714
4258802
4258836
4259338
4259848
4259974
4260047
4260467
4260513
4260596
4260915
4261014
4261288
4261339
4261368
4261378
4262093
4262140
4262242
4262576
4262819
4262923
4262936
4263179
4263274
4263429
4263577
4263780
4263858
4263927
4264000
4264075
4264124
4264474
4264481
4264615
4264857
4265611
4265698
4265796
4266110
4266154
4266219
4266534
4266830
4267317
4267484
4267868
4267880
4268235
4268455
4268569
4269259
4269320
4269423
4269836
4270175
4270247
4270481
4270762
4270783
4270920
4271043
4271148
4271494
4272551
4272700
4272978
4273488
4273563
4273788
4274229
4274338
4274770
4275148
4275560
4275561
4275804
4275934
4276005
4276541
4276542
4276874
4277068
4277090
4277703
4278287
4278414
4278444
4278546
4278563
4278654
4278676
4278899
4279457
4279471
4279865
4279893
4279961
4280224
4280307
4280451
4280518
4280540
4280789
4280821
4280885
4281082
4281152
4281393
4281417
4281476
4281677
4282016
4282137
4282238
4282498
4282668
4282691
4282864
4282954
4283289
4283645
4283654
4283786
4284065
4284202
4284548
4284666
4284867
4284875
4285161
4285357
4285409
4287039
4287123
4287569
4287961
4288703
4288819
4289085
4289094
4289525
4289558
4289948
4290109
4290852
4290894
4291024
4291259
4291302
4291377
4291539
4291623
4291680
4291686
4292506
4292541
4292757
4293241
4293426
4293969
4294035
4294654
4294748
4295469
4295537
4295907
4295907
4296064
4296170
4296424
4296470
4297417
4297455
4297663
4298239
4298671
4298770
4298957
4299100
4299396
4299409
4299817
4300211
4300457
4300536
4300711
4300908
4300910
4302364
4302472
4302530
4302614
4302695
4302742
4302791
4303278
4303353
4303536
4303644
4303667
4303725
4303765
4303889
4304831
4305397
4305660
4305860
4306047
4306156
4306454
4306674
4306727
4306840
4306951
4306968
4307096
4307186
4307661
4307957
4308102
4308310
4308367
4308492
4308682
4309361
4309509
4309714
4309847
4310267
4310417
4310673
4310976
4310988
4311264
4311330
4311428
4311474
4311497
4311756
4311827
4311904
4311950
4312234
4312833
4312920
4313005
4313195
4313354
4313472
4313669
4313762
4314036
4314070
4314083
4314141
4314278
4314287
4314451
4314466
4314698
4315134
4315218
4315580
4316199
4316218
4316283
4316411
4316596
4316639
4316796
4316930
4317307
4317537
4317538
4317577
4317937
4317947
4318896
4319048
4319454
4319548
4319861
4320501
4320541
4320772
4320796
4320990
4321330
4321536
4322281
4322364
4322437
4322957
4323120
4323611
4323944
4323950
4324095
4324134
4324227
4324272
4324498
4324835
4324877
4325004
4325263
4325292
4325780
4325814
4326027
4326149
4326607
4327069
4327205
4327627
4327757
4327957
4328179
4328367
4328460
4328711
4329539
4329573
4329940
4329982
4330067
4330224
4330310
4330739
4331092
4331649
4331764
4331933
4332186
4332187
4332272
4332359
4332432
4332481
4332658
4333140
4333200
4333219
4334361
4334443
4334733
4335108
4335517
4335714
4337151
4337221
4337301
4337683
4337737
4337744
4337763
4337807
4337958
4337965
4338103
4338185
4338203
4338331
4338408
4338460
4338833
4338838
4338941
4339730
4339778
4340041
4340210
4340244
4340297
4340416
4340516
4340784
4340999
4341171
4341374
4341488
4341550
4341767
4342219
4342401
4342852
4343056
4344275
4344367
4344467
4344579
4344622
4344693
4345005
4345112
4345284
4345345
4345687
4345840
4345943
4346020
4346138
4346433
4346913
4347011
4347032
4347233
4347366
4347445
4347499
4347744
4348044
4348052
4348111
4348218
4348550
4348838
4349006
4349201
4349377
4349528
4349861
4349908
4350422
4350504
4350718
4350896
4350936
4351055
4351059
4351119
4351178
4351251
4351418
4351452
4351529
4351901
4352498
4352580
4352642
4353329
4353406
4353642
4353659
4353677
4353698
4353717
4353763
4353867
4354074
4354192
4354623
4354665
4354687
4354904
4355308
4355670
4355745
4356022
4356440
4356501
4356646
4356702
4356970
4356997
4357208
4357276
4357427
4357644
4357985
4358281
4358626
4358913
4359000
4359994
4360091
4360092
4360279
4360454
4360516
4360673
4360744
4361125
4362368
4362424
4362974
4364229
4364415
4364589
4364889
4365033
4365058
4365676
4365793
4366297
4366540
4366823
4366884
4367136
4367322
4367418
4367504
4367586
4367663
4367741
4368001
4368028
4368030
4368474
4369231
4369313
4369539
4369773
4370066
4370274
4370402
4370739
4371086
4371127
4371247
4371405
4371585
4371691
4371741
4371775
4371818
4371831
4371923
4371930
4372099
4372226
4372532
4372533
4372852
4373202
4373581
4373587
4373597
4373665
4373686
4373718
4373794
4373901
4373976
4374036
4374474
4374620
4375671
4375695
4375888
4376202
4376267
4376315
4376522
4376632
4377415
4377477
4377889
4378165
4378518
4378828
4379003
4379008
4379450
4379708
4379774
4380020
4380307
4380580
4381082
4381115
4381539
4381546
4381618
4381690
4381761
4381815
4382036
4382040
4382057
4382136
4383234
4383268
4383311
4383468
4383686
4383900
4383900
4383997
4384193
4384612
4384780
4384822
4384847
4384920
4384945
4385034
4385133
4385163
4385632
4385650
4386156
4386675
4386791
4386843
4387103
4387332
4388002
4388594
4389100
4389145
4389326
4389417
4389561
4389786
4389842
4389896
4389950
4390361
4390546
4390870
4391004
4391301
4391377
4391534
4391545
4391717
4391909
4392126
4392157
4392172
4392296
4392320
4392343
4392525
4392566
4392608
4392854
4392997
4393450
4393453
4393751
4394010
4394095
4394370
4394859
4395208
4395371
4395391
4395497
4395661
4395682
4395931
4396152
4396272
4396324
4396675
4396723
4396837
4396884
4397070
4397298
4397385
4397433
4397461
4397769
4397905
4398007
4398427
4398521
4398998
4399026
4399365
4399848
4399963
4400425
4400884
4401032
4401157
4401157
4401254
4401405
4401556
4401669
4401971
4402011
4402013
4402042
4402109
4402191
4402416
4402753
4403127
4403215
4403283
4403585
4403644
4403870
4404158
4404341
4404369
4404689
4404725
4404803
4405051
4405054
4405617
4405710
4405752
4405813
4405843
4405906
4406184
4407032
4407046
4407142
4407205
4407516
4407870
4408056
4408229
4408290
4408332
4408524
4408800
4408977
4409139
4409154
4409549
4409565
4409705
4409824
4410315
4410396
4410607
4410646
4410968
4411040
4411118
4411133
4411393
4411612
4411889
4411908
4411999
4412023
4412356
4412400
4412419
4412494
4412574
4412575
4412765
4412907
4413116
4413506
4413666
4413803
4413875
4414306
4414468
4414598
4414797
4414808
4414831
4414911
4415429
4415536
4415810
4416306
4416781
4417045
4417094
4417178
4417254
4417308
4417408
4417422
4417435
4417493
4417652
4417721
4417803
4418055
4418172
4418187
4418285
4418402
4418430
4418467
4418593
4418806
4418816
4418897
4418973
4418973
4419138
4419156
4419376
4419538
4419631
4419807
4420036
4420448
4420956
4421073
4421179
4421210
4421332
4421370
4421420
4421837
4421868
4421922
4422105
4422318
4422411
4422748
4422821
4422896
4423360
4423435
4423515
4423579
4423677
4424003
4424531
4424783
4425254
4425615
4425835
4425988
4426156
4426179
4426351
4426734
4426775
4426823
4427165
4427183
4427333
4427404
4427436
4427478
4427648
4428166
4428248
4428429
4428592
4428873
4428938
4429154
4429483
4429744
4429797
4429843
4429984
4430106
4430431
4430525
4431191
4431494
4431524
4431793
4432303
4433269
4434223
4434320
4434622
4434667
4435164
4435170
4435178
4435298
4435489
4435514
4435642
4435737
4435810
4435841
4436008
4436029
4436129
4436151
4436228
4436596
4436646
4437397
4437469
4437506
4437575
4437620
4437771
4437774
4437879
4438290
4438668
4438735
4438888
4439120
4439140
4439258
4439322
4439571
4439675
4439767
4440695
4440765
4441028
4441138
4441268
4441312
4441384
4441448
4441500
4441892
4442157
4442223
4442324
4442745
4442832
4442862
4443022
4443313
4443678
4443914
4444031
4444064
4444304
4444392
4444544
4444801
4445146
4445427
4445466
4445514
4445756
4446031
4446545
4446830
4446845
4446853
4446991
4447158
4447171
4447314
4447385
4447435
4447653
4447806
4447821
4447914
4447923
4447961
4448034
4448272
4448569
4448591
4448852
4448912
4449313
4449399
4449473
4449548
4449760
4449850
4450559
4450569
4450621
4450667
4451273
4451332
4451351
4452007
4452091
4452128
4452133
4452553
4452600
4452609
4452717
4452979
4453025
4453087
4453209
4453445
4453501
4453550
4453677
4454082
4454127
4454140
4454329
4454355
4454566
4454786
4454923
4455074
4455110
4455431
4455498
4455690
4455857
4455961
4456094
4456541
4456586
4456618
4456668
4456790
4457079
4457157
4457173
4457349
4457468
4457768
4458387
4458763
4458891
4459039
4459045
4459144
4459208
4459236
4459329
4459606
4459752
4459835
4460088
4460216
4460298
4460368
4460615
4460772
4460840
4461097
4461257
4461330
4461743
4461794
4461804
4461894
4462080
4462302
4462340
4462650
4463124
4463155
4463377
4464049
4464787
4464844
4464866
4464893
4464973
4465014
4465715
4465737
4465836
4465869
4466004
4466215
4466441
4466462
4466712
4466892
4466956
4467166
4467285
4467334
4467466
4467598
4467705
4467843
4467938
4467992
4468047
4468196
4468247
4468651
4468734
4468843
4469195
4469211
4469294
4469775
4469834
4470357
4470358
4470869
4470881
4470935
4471103
4471249
4471272
4471319
4471349
4471405
4471657
4471810
4472125
4472207
4472580
4472616
4472908
4472996
4473027
4473293
4473324
4473701
4473776
4473899
4474038
4474161
4474294
4474327
4474518
4474544
4474676
4474708
4475126
4475150
4475290
4475375
4475536
4475542
4475553
4476483
4476589
4476801
4476927
4476941
4477006
4477272
4477356
4477505
4477741
4478154
4478327
4478486
4478946
4479089
4479683
4479855
4480669
4480985
4481103
4481113
4481278
4481281
4481327
4481634
4481690
4481754
4481808
4481851
4481976
4482950
4483115
4483527
4483566
4483632
4483858
4483954
4484020
4484023
4484174
4484388
4484424
4484908
4485467
4485482
4485625
4485711
4485831
4485847
4485948
4485991
4486109
4486112
4486573
4486610
4486788
4486846
4486978
4487187
4487285
4487378
4487818
4487883
4488043
4488118
4488312
4488390
4488619
4488749
4488942
4489205
4489260
4489281
4489516
4489579
4489628
4489886
4489893
4489953
4490043
4490205
4490220
4490567
4490903
4491109
4491142
4491668
4491760
4491771
4491795
4492221
4492452
4492837
4492885
4493107
4493375
4493502
4493507
4493875
4493926
4494009
4494087
4494633
4495176
4495631
4495688
4495734
4495765
4495841
4495977
4495979
4496038
4496069
4496143
4496583
4496599
4496663
4496740
4496916
4496982
4497009
4497090
4497162
4497327
4497377
4497712
4497900
4498075
4498214
4498294
4498456
4498769
4498780
4498917
4499444
4499831
4499860
4499922
4499933
4499933
4500110
4500168
4500400
4500484
4500569
4500570
4500861
4501074
4501130
4501277
4501320
4501483
4501522
4501668
4501844
4501974
4502044
4502469
4502813
4502937
4503319
4503677
4503713
4503969
4503993
4504072
4504082
4504582
4505202
4505216
4505510
4505619
4505915
4506040
4506223
4506511
4506614
4506646
4506653
4506656
4506853
4506857
4507199
4507541
4507558
4507752
4507781
4507943
4508033
4508151
4508221
4508225
4508619
4508665
4508950
4509180
4509245
4509293
4509321
4509467
4509556
4509568
4509759
4511227
4511918
4512184
4512207
4512281
4512315
4512366
4512366
4512838
4512892
4512998
4513174
4513301
4513363
4513408
4513521
4513546
4513589
4513737
4513903
4514025
4514138
4514230
4514508
4514565
4514567
4514647
4514695
4514729
4514862
4514914
4514943
4515116
4515150
4515513
4515574
4515657
4515699
4515736
4516003
4516076
4516113
4516188
4516247
4516366
4516400
4516429
4516452
4516496
4516605
4516837
4516922
4516958
4516960
4517149
4517324
4517591
4517976
4517979
4518049
4518100
4518392
4518452
4518529
4518656
4518711
4518711
4518880
4518960
4519260
4519408
4519665
4519688
4519785
4520085
4520338
4520423
4520607
4520624
4521070
4521748
4521819
4521912
4521916
4522240
4522564
4522620
4522809
4522996
4523276
4523397
4523423
4523453
4523458
4523835
4523976
4524005
4524108
4524232
4524287
4524365
4524397
4524430
4524666
4524728
4524817
4524856
4524989
4524990
4525116
4525260
4525367
4525445
4525514
4525552
4525705
4525762
4525889
4526009
4526121
4526311
4526456
4526566
4526574
4526589
4526666
4526735
4526813
4526923
4526982
4527023
4527132
4527190
4527392
4527500
4527531
4527766
4527836
4528020
4528074
4528181
4528380
4528429
4528451
4528728
4528983
4529152
4529263
4529368
4529384
4529497
4529560
4529652
4529805
4529907
4530082
4530152
4530360
4530373
4530518
4530706
4531013
4531121
4531144
4531322
4531344
4531536
4531613
4531643
4531956
4532028
4532109
4532149
4532268
4532290
4532421
4532484
4532593
4532800
4532830
4533040
4533061
4533250
4533366
4533863
4534027
4534089
4534488
4534491
4534608
4534683
4534834
4535140
4535168
4535176
4535244
4535429
4536258
4536405
4536495
4536680
4536680
4536810
4536847
4537232
4537234
4537289
4537345
4537385
4537395
4537415
4537480
4537781
4537847
4538025
4538389
4538392
4538481
4538555
4538947
4538958
4539023
4539139
4539217
4539711
4539789
4540126
4540200
4540214
4540349
4540498
4540642
4540685
4540780
4540793
4540828
4540875
4541068
4541174
4541295
4541708
4541732
4541796
4541959
4542090
4542116
4542189
4542228
4542336
4542359
4542445
4542605
4542668
4542732
4543105
4543127
4543324
4543767
4544008
4544137
4544247
4544347
4544470
4544490
4544508
4544717
4544734
4544761
4544778
4545345
4545382
4545518
4545822
4545864
4546087
4546122
4546389
4546454
4546489
4546489
4546618
4546669
4546885
4546894
4546922
4547048
4547246
4547417
4547460
4547563
4547593
4548154
4548248
4548249
4548258
4548346
4548503
4548589
4548733
4549091
4549114
4549271
4549586
4549648
4549789
4549864
4549965
4550262
4550438
4550563
4551074
4551105
4551386
4551770
4551777
4551793
4551857
4552029
4552344
4552803
4552864
4552900
4552945
4553016
4553098
4553256
4553383
4553441
4553489
4553525
4553541
4553563
4553730
4554024
4554090
4554218
4554581
4554587
4554622
4554622
4554715
4555073
4555150
4555334
4555395
4555485
4555499
4555514
4555525
4555670
4555686
4555716
4555994
4556139
4556285
4556413
4556522
4556541
4556589
4556595
4556776
4556789
4557028
4557055
4557068
4557256
4557271
4557291
4557488
4557522
4557842
4558112
4558185
4558306
4558369
4558402
4558480
4558695
4559040
4559042
4559062
4559438
4559538
4559651
4559827
4559873
4559910
4560258
4560372
4560448
4560738
4561103
4561144
4561160
4561288
4561329
4561488
4561515
4561647
4562173
4562273
4562334
4562669
4562705
4562860
4562862
4562891
4563095
4563225
4563424
4563682
4563703
4564177
4564222
4564742
4564844
4565033
4565299
4565362
4565548
4565803
4565848
4566145
4566190
4566249
4566313
4566527
4566566
4566710
4566836
4567179
4567272
4567283
4567576
4567781
4567782
4567796
4567833
4567870
4568166
4568208
4568254
4568360
4568397
4568461
4568487
4568698
4569136
4569156
4569202
4569296
4569298
4569349
4569413
4569421
4569855
4569909
4569913
4569989
4570212
4570357
4570695
4570744
4570876
4571138
4571387
4571452
4571458
4571624
4571632
4571670
4571745
4571802
4571886
4572139
4572185
4572222
4572230
4572392
4572554
4572627
4572728
4572738
4572812
4572942
4573013
4573055
4573203
4573748
4574010
4574237
4574388
4574489
4574710
4574723
4574748
4574842
4574878
4574949
4574961
4575687
4575890
4576134
4576201
4576266
4576428
4576471
4576610
4576638
4576645
4576651
4576781
4576889
4577018
4577027
4577079
4577080
4577137
4577198
4577204
4577227
4577390
4577520
4577563
4577663
4577731
4577808
4578110
4578131
4578250
4578272
4578684
4578714
4579119
4579243
4579281
4579454
4579509
4579511
4579582
4579600
4579803
4580019
4580081
4580147
4580262
4580351
4580540
4580548
4580552
4580707
4581075
4581151
4581356
4581507
4581515
4581557
4581614
4581815
4582492
4582549
4582724
4582787
4583096
4583132
4583197
4583408
4583496
4583721
4583723
4583759
4583888
4583999
4584140
4584146
4584196
4584256
4584263
4584275
4584679
4584722
4584944
4585234
4585447
4585541
4585610
4585879
4586112
4586507
4586650
4586715
4586732
4586864
4586980
4587018
4587055
4587415
4587486
4587737
4588045
4588060
4588086
4588186
4588229
4588471
4589203
4589338
4589343
4589400
4589431
4589457
4589493
4589602
4589664
4590336
4590343
4590616
4590671
4590730
4590779
4590985
4590996
4591026
4591043
4591238
4591473
4591524
4591664
4591751
4592192
4592373
4592431
4592481
4592627
4592680
4592817
4592916
4592939
4592990
4593001
4593357
4593403
4593651
4593725
4593811
4593914
4594038
4594049
4594244
4594303
4594320
4594396
4594407
4594564
4594577
4595019
4595021
4595137
4595139
4595156
4595309
4595496
4595542
4595751
4595784
4595859
4596064
4596411
4596514
4597034
4597112
4597182
4597192
4597199
4597207
4597264
4597405
4597546
4597628
4597672
4597741
4597748
4597792
4597831
4597871
4598069
4598345
4598425
4598429
4598739
4598744
4598800
4599127
4599723
4599798
4600078
4600214
4600322
4600636
4600699
4600813
4600852
4600872
4600946
4600983
4601086
4601141
4601141
4601264
4601333
4601399
4601451
4601458
4601524
4601771
4601893
4602049
4602215
4602299
4602552
4602658
4602893
4602908
4603366
4603539
4603599
4603606
4604121
4604157
4604480
4604964
4604984
4605037
4605179
4605245
4605404
4605680
4606019
4606077
4606203
4606252
4606292
4606315
4606360
4606651
4606659
4606752
4606775
4606820
4606897
4607349
4607359
4607397
4607537
4607548
4607632
4607664
4607741
4607771
4607822
4608000
4608017
4608056
4608077
4608316
4608330
4608400
4608416
4608557
4608573
4608604
4608877
4608881
4608955
4609027
4609281
4609320
4609399
4609405
4609531
4609705
4609933
4610082
4610159
4610179
4610221
4610277
4610307
4610347
4610367
4610727
4610774
4610868
4610931
4611059
4611131
4611553
4611731
4611774
4611880
4611898
4612010
4612202
4612269
4612337
4612348
4612461
4612473
4612506
4612605
4612660
4612694
4612903
4612975
4613019
4613124
4613348
4613351
4613606
4613743
4613904
4613987
4614027
4614245
4614481
4614532
4614549
4614635
4614782
4614814
4614910
4614964
4615126
4615175
4615291
4615367
4615412
4615539
4615821
4615916
4616004
4616039
4616101
4616246
4616353
4616638
4616769
4616857
4616940
4617303
4617316
4617440
4617516
4617770
4617784
4617992
4618031
4618040
4618100
4618176
4618472
4618712
4618735
4618806
4619025
4619184
4619329
4619427
4619469
4619484
4619818
4619895
4619908
4619972
4620069
4620117
4620147
4620183
4620366
4620384
4620428
4620760
4620874
4620879
4620881
4620957
4621140
4621182
4621217
4621294
4621418
4621503
4621515
4621530
4621566
4621701
4621738
4621921
4621993
4622008
4622191
4622195
4622283
4622441
4622522
4622558
4622618
4622795
4622830
4622910
4622974
4623078
4623133
4623173
4623257
4623280
4623281
4623351
4623417
4623427
4623581
4623721
4623781
4623846
4623863
4624044
4624113
4624125
4624161
4624275
4624305
4624423
4624517
4624698
4624699
4624712
4624844
4624906
4625029
4625086
4625137
4625203
4625229
4625259
4625654
4625692
4625972
4626277
4626429
4626450
4626477
4626539
4626581
4626643
4626694
4626749
4626970
4627191
4627195
4627203
4627242
4627408
4627673
4627783
4627799
4627934
4627977
4628046
4628220
4628394
4628624
4628676
4628743
4628818
4628829
4628950
4629066
4629110
4629229
4629264
4629660
4629988
4630148
4630155
4630161
4630293
4630326
4630386
4630446
4630458
4630606
4630652
4630768
4630989
4631028
4631158
4631194
4631350
4631360
4631375
4631434
4631520
4631532
4631615
4631655
4631675
4632021
4632775
4632853
4632901
4632936
4632941
4632976
4633105
4633211
4633291
4633354
4633410
4633430
4633440
4633464
4633748
4633842
4633854
4634182
4634202
4634203
4634221
4634283
4634377
4634396
4634414
4634634
4634673
4634825
4634993
4635092
4635134
4635172
4635220
4635223
4635487
4635501
4635551
4635560
4635646
4635661
4635910
4635927
4636032
4636296
4636454
4636467
4636572
4636641
4636690
4636776
4636811
4636910
4637067
4637157
4637243
4637346
4637407
4637425
4637461
4637529
4637787
4637796
4637941
4638083
4638117
4638526
4638604
4638625
4638822
4638989
4639021
4639079
4639226
4639311
4639516
4639644
4639697
4639928
4639950
4640031
4640117
4640294
4640458
4640642
4640832
4640837
4640938
4640966
4641281
4641321
4641350
4641451
4641495
4641526
4641595
4641625
4641638
4641665
4641879
4641997
4642024
4642186
4642212
4642375
4642409
4642528
4642653
4642717
4642778
4642802
4642804
4642908
4642930
4643088
4643114
4643368
4643453
4643591
4643597
4644004
4644029
4644060
4644124
4644356
4644437
4644500
4644671
4644688
4644706
4644915
4645176
4646069
4646118
4646188
4646208
4646444
4646744
4646863
4647006
4647301
4647333
4647482
4647494
4647754
4647825
4647839
4647870
4648238
4648259
4648326
4648349
4648350
4648412
4648417
4648583
4648652
4648661
4648710
4648739
4648741
4648779
4648898
4648915
4649034
4649123
4649273
4649275
4649301
4649309
4649690
4649739
4649775
4649820
4650034
4650466
4650498
4650611
4650740
4650760
4650792
4650820
4650913
4650962
4651116
4651188
4651299
4651396
4651557
4651866
4652088
4652098
4652142
4652367
4652480
4652518
4652542
4652606
4652622
4652689
4652761
4652803
4652877
4652881
4652998
4653053
4653389
4653418
4653552
4653658
4653694
4653971
4654158
4654180
4654240
4654260
4654563
4654596
4654843
4655150
4655298
4655380
4655470
4655525
4655819
4655990
4656296
4656420
4656597
4657083
4657452
4657708
4657750
4657944
4658227
4658229
4658272
4658518
4658926
4658933
4659704
4659753
4659880
4660039
4660110
4660147
4660157
4660190
4660294
4660858
4660982
4661012
4661047
4661641
4661935
4661963
4662016
4662028
4662077
4662165
4662173
4662207
4662391
4662541
4662705
4662894
4662936
4663036
4663075
4663203
4663220
4663339
4663393
4663533
4663601
4663714
4663863
4663909
4663946
4664027
4664037
4664108
4664176
4664192
4664195
4664196
4664444
4664721
4664865
4664927
4665058
4665078
4665261
4665285
4665541
4665899
4665906
4666122
4666180
4666183
4666254
4666299
4666410
4666501
4666620
4666654
4667056
4667137
4667164
4667184
4667258
4667367
4667727
4667728
4667907
4667957
4668114
4668166
4668213
4668278
4668577
4668616
4668638
4668638
4668645
4668672
4668690
4668981
4669014
4669100
4669143
4669399
4669495
4669714
4669750
4669829
4670098
4670137
4670200
4670248
4670303
4670453
4670567
4670637
4670779
4670967
4671031
4671226
4671283
4671287
4671291
4671354
4671380
4671616
4671619
4671630
4671686
4671751
4671839
4671840
4671909
4672001
4672110
4672137
4672233
4672244
4672388
4672534
4672626
4672635
4672648
4672744
4672816
4672845
4673052
4673081
4673290
4673361
4673484
4673488
4673612
4673729
4673897
4673999
4674247
4674383
4674761
4674891
4675140
4675209
4675215
4675382
4675421
4675469
4675590
4675614
4675736
4675823
4675926
4675932
4676016
4676103
4676154
4676222
4676239
4676285
4676479
4676527
4676608
4676789
4676810
4676811
4676861
4676917
4676924
4677217
4677299
4677364
4677405
4677408
4677470
4678012
4678021
4678036
4678097
4678102
4678110
4678159
4678194
4678219
4678328
4678398
4678566
4678634
4678752
4678799
4678847
4678870
4678944
4678973
4679111
4679185
4679253
4679354
4679465
4679510
4679512
4679640
4679641
4679839
4679883
4679905
4680010
4680097
4680360
4680376
4680399
4680454
4680459
4680489
4680701
4680745
4680759
4681028
4681332
4681363
4681532
4681624
4681839
4682145
4682218
4682355
4682396
4682451
4682451
4682467
4682472
4682536
4682555
4682938
4683031
4683139
4683276
4683367
4683498
4683562
4683592
4683842
4683897
4683957
4684143
4684185
4684216
4684226
4684494
4684547
4684822
4684873
4684926
4684930
4684946
4684955
4684997
4685142
4685153
4685211
4685259
4685800
4685842
4685884
4686107
4686223
4686400
4686450
4686585
4686587
4686737
4686767
4686896
4686913
4687067
4687104
4687286
4687722
4687818
4688085
4688274
4688310
4688451
4688868
4688884
4689093
4689111
4689263
4689299
4689338
4689468
4689529
4689690
4689792
4690091
4690136
4690173
4690519
4690592
4690636
4690641
4690821
4690874
4690880
4690893
4690909
4691125
4691418
4691495
4691796
4692141
4692268
4692335
4692355
4692537
4692772
4692820
4692917
4693103
4693257
4693298
4693528
4693603
4693621
4693978
4694024
4694209
4694212
4694386
4694389
4694391
4694562
4694607
4694622
4694675
4694818
4694861
4694990
4695023
4695048
4695114
4695167
4695241
4695571
4695842
4695925
4695950
4696083
4696142
4696180
4696316
4696385
4696695
4696781
4696816
4696910
4696979
4697041
4697180
4697243
4697461
4697619
4697962
4697995
4698002
4698013
4698080
4698250
4698250
4698273
4698316
4698367
4698415
4698500
4698534
4698597
4698650
4698740
4698760
4698829
4698864
4699018
4699303
4699396
4699507
4699743
4699808
4700023
4700313
4700411
4700414
4700660
4700715
4700740
4700803
4700835
4700939
4701040
4701042
4701129
4701444
4701445
4701544
4701802
4701861
4701899
4701926
4701940
4701999
4702272
4702277
4702519
4702752
4702833
4702915
4703033
4703099
4703230
4703313
4703453
4703472
4703858
4703893
4703966
4704144
4704220
4704358
4704465
4704569
4704685
4704727
4704816
4704911
4705032
4705126
4705193
4705363
4705375
4705476
4705478
4705585
4705853
4705865
4705881
4705897
4705915
4705920
4705959
4705978
4706089
4706094
4706158
4706219
4706226
4706230
4706272
4706329
4706731
4706910
4706913
4706935
4707308
4707326
4707895
4707943
4707961
4707967
4708178
4708320
4708346
4708398
4708417
4708507
4708768
4708935
4709152
4709243
4709280
4709400
4709421
4709730
4709792
4709995
4710180
4710350
4710435
4710491
4710526
4710677
4710772
4710944
4711083
4711167
4711183
4711262
4711293
4711394
4711507
4711510
4711796
4711936
4712005
4712070
4712268
4712316
4712329
4712370
4712383
4712408
4712527
4712535
4712537
4712556
4712594
4712767
4712810
4712884
4712892
4713082
4713136
4713147
4713147
4713374
4713450
4713540
4713753
4713977
4714135
4714190
4714334
4714595
4714599
4714610
4714812
4714886
4714939
4715070
4715293
4715340
4715350
4715393
4715469
4715653
4715693
4715983
4716193
4716332
4716560
4716595
4716636
4716695
4717030
4717107
4717120
4717126
4717259
4717356
4717398
4717507
4717999
4718058
4718139
4718293
4718393
4718561
4718636
4718692
4718695
4718702
4718869
4718896
4718898
4718912
4719024
4719274
4719312
4719328
4719363
4719377
4719409
4719411
4719439
4719455
4719508
4719758
4719832
4719925
4720010
4720151
4720158
4720162
4720182
4720228
4720256
4720308
4720443
4720603
4720700
4720723
4720790
4721033
4721064
4721163
4721272
4721533
4721631
4721631
4721744
4721763
4721769
4721912
4721984
4721999
4722022
4722101
4722198
4722265
4722269
4722649
4722655
4722676
4722683
4722893
4722898
4722953
4723044
4723066
4723100
4723115
4723203
4723291
4723344
4723370
4723536
4723819
4723838
4723885
4723897
4723952
4724014
4724093
4724270
4724511
4724693
4724737
4724812
4724835
4724890
4724986
4725009
4725274
4725335
4725360
4725382
4725418
4725460
4725563
4725586
4725704
4725759
4725889
4726130
4726217
4726740
4726839
4726928
4726931
4727248
4727250
4727483
4727578
4727684
4727783
4727949
4727964
4728230
4728289
4728381
4728428
4728491
4728572
4728585
4728628
4728769
4728838
4728847
4729004
4729051
4729143
4729217
4729389
4729592
4729607
4729651
4729657
4729710
4729725
4729750
4729767
4729872
4729942
4729991
4730043
4730205
4730337
4730661
4730713
4730781
4730902
4730983
4731175
4731283
4731292
4731359
4731388
4731478
4731496
4731518
4731693
4731816
4731884
4731914
4731940
4731969
4732153
4732159
4732274
4732590
4732726
4732829
4732890
4733067
4733317
4733333
4733638
4733682
4733700
4734061
4734300
4734312
4734358
4734411
4734509
4734588
4734643
4734674
4734748
4734753
4734755
4734946
4734974
4735043
4735140
4735351
4735439
4735482
4735578
4735624
4735714
4735762
4735896
4735966
4736008
4736082
4736244
4736263
4736391
4736412
4736451
4736528
4736587
4736658
4736731
4736889
4737123
4737196
4737244
4737409
4737455
4737650
4737806
4737937
4737954
4738108
4738154
4738252
4738255
4738418
4738549
4738692
4738903
4738937
4738937
4738956
4739065
4739099
4739193
4739268
4739355
4739741
4739947
4739973
4739985
4740149
4740439
4740458
4740474
4740512
4740551
4740683
4740724
4740829
4741054
4741111
4741128
4741282
4741587
4741739
4741923
4742357
4742437
4742569
4742597
4742849
4743138
4743239
4743333
4743709
4743767
4743774
4743987
4744069
4744199
4744253
4744287
4744447
4744574
4744574
4744608
4744684
4744707
4744920
4745100
4745111
4745320
4745363
4745388
4745466
4745503
4745579
4745616
4745630
4745859
4745926
4746146
4746174
4746222
4746322
4746765
4746902
4746905
4746932
4747009
4747132
4747144
4747154
4747160
4747241
4747285
4747404
4747624
4747634
4747672
4747690
4747842
4747868
4747905
4747943
4747974
4748306
4748605
4748750
4748752
4748942
4749013
4749030
4749061
4749085
4749109
4749150
4749238
4749313
4749342
4749501
4749513
4749520
4749762
4749801
4749828
4749898
4749934
4750005
4750225
4750324
4750571
4750675
4750741
4750775
4750963
4750989
4751143
4751504
4751556
4751763
4751973
4752000
4752160
4752302
4752315
4752317
4752326
4752365
4752538
4752583
4752640
4752657
4752731
4752777
4752804
4752870
4752903
4753065
4753066
4753207
4753295
4753452
4753476
4753530
4753634
4753661
4753730
4753734
4753748
4753753
4753814
4753834
4753874
4754003
4754068
4754123
4754131
4754157
4754178
4754283
4754350
4754366
4754384
4754387
4754392
4754610
4754649
4754744
4754929
4755101
4755102
4755177
4755336
4755402
4755566
4755595
4755740
4755934
4755961
4756215
4756299
4756524
4756657
4757017
4757105
